0.00 1
0.00 2
0.00 3
0.00 4
0.00 5
0.00 6
0.00 7
0.00 8
0.00 9
0.00 10
0.00 11
0.00 12
0.00 13
0.00 14
0.00 15
0.00 16
0.00 17
0.00 18
0.00 19
0.00 20
0.00 21
0.00 22
0.00 23
0.00 24
0.00 25
0.00 26
0.00 27
0.00 28
0.00 29
0.00 30
0.00 31
0.00 32
0.00 33
0.00 34
0.00 35
0.00 36
0.00 37
0.00 38
0.00 39
0.00 40
0.00 41
0.00 42
0.00 43
0.00 44
0.00 45
0.00 46
0.00 47
0.00 48
0.00 49
0.00 50
0.00 51
0.00 52
0.00 53
0.00 54
0.00 55
0.00 56
0.00 57
0.00 58
0.00 59
0.00 60
0.00 61
0.00 62
0.00 63
0.00 64
0.00 65
0.00 66
0.00 67
0.00 68
0.00 69
0.00 70
0.00 71
0.00 72
0.00 73
0.00 74
0.00 75
0.00 76
0.00 77
0.00 78
0.00 79
0.00 80
0.00 81
0.00 82
0.00 83
0.00 84
0.00 85
0.00 86
0.00 87
0.00 88
0.00 89
0.00 90
0.00 91
0.00 92
0.00 93
0.00 94
0.00 95
0.00 96
0.00 97
0.00 98
0.00 99
0.00 100
0.00 101
0.00 102
0.00 103
0.00 104
0.00 105
0.00 106
0.00 107
0.00 108
0.00 109
0.00 110
0.00 111
0.00 112
0.00 113
0.00 114
0.00 115
0.00 116
0.00 117
0.00 118
0.00 119
0.00 120
0.00 121
0.00 122
0.00 123
0.00 124
0.00 125
0.00 126
0.00 127
0.00 128
0.00 129
0.00 130
0.00 131
0.00 132
0.00 133
0.00 134
0.00 135
0.00 136
0.00 137
0.00 138
0.00 139
0.00 140
0.00 141
0.00 142
0.00 143
0.00 144
0.00 145
0.00 146
0.00 147
0.00 148
0.00 149
0.00 150
0.00 151
0.00 152
0.00 153
0.00 154
0.00 155
0.00 156
0.00 157
0.00 158
0.00 159
0.00 160
0.00 161
0.00 162
0.00 163
0.00 164
0.00 165
0.00 166
0.00 167
0.00 168
0.00 169
0.00 170
0.00 171
0.00 172
0.00 173
0.00 174
0.00 175
0.00 176
0.00 177
0.00 178
0.00 179
0.00 180
0.00 181
0.00 182
0.00 183
0.00 184
0.00 185
0.00 186
0.00 187
0.00 188
0.00 189
0.00 190
0.00 191
0.00 192
0.00 193
0.00 194
0.00 195
0.00 196
0.00 197
0.00 198
0.00 199
0.00 200
0.00 201
0.00 202
0.00 203
0.00 204
0.00 205
0.00 206
0.00 207
0.00 208
0.00 209
0.00 210
0.00 211
0.00 212
0.00 213
0.00 214
0.00 215
0.00 216
0.00 217
0.00 218
0.00 219
0.00 220
0.00 221
0.00 222
0.00 223
0.00 224
0.00 225
0.00 226
0.00 227
0.00 228
0.00 229
0.00 230
0.00 231
0.00 232
0.00 233
0.00 234
0.00 235
0.00 236
0.00 237
0.00 238
0.00 239
0.00 240
0.00 241
0.00 242
0.00 243
0.00 244
0.00 245
0.00 246
0.00 247
0.00 248
0.00 249
0.00 250
0.00 251
0.00 252
0.00 253
0.00 254
0.00 255
0.00 256
0.00 257
0.00 258
0.00 259
0.00 260
0.00 261
0.00 262
0.00 263
0.00 264
0.00 265
0.00 266
0.00 267
0.00 268
0.00 269
0.00 270
0.00 271
0.00 272
0.00 273
0.00 274
0.00 275
0.00 276
0.00 277
0.00 278
0.00 279
0.00 280
0.00 281
0.00 282
0.00 283
0.00 284
0.00 285
0.00 286
0.00 287
0.00 288
0.00 289
0.00 290
0.00 291
0.00 292
0.00 293
0.00 294
0.00 295
0.00 296
0.00 297
0.00 298
0.00 299
0.00 300
0.00 301
0.00 302
0.00 303
0.00 304
0.00 305
0.00 306
0.00 307
0.00 308
0.00 309
0.00 310
0.00 311
0.00 312
0.00 313
0.00 314
0.00 315
0.00 316
0.00 317
0.00 318
0.00 319
0.00 320
0.00 321
0.00 322
0.00 323
0.00 324
0.00 325
0.00 326
0.00 327
0.00 328
0.00 329
0.00 330
0.00 331
0.00 332
0.00 333
0.00 334
0.00 335
0.00 336
0.00 337
0.00 338
0.00 339
0.00 340
0.00 341
0.00 342
0.00 343
0.00 344
0.00 345
0.00 346
0.00 347
0.00 348
0.00 349
0.00 350
0.00 351
0.00 352
0.00 353
0.00 354
0.00 355
0.00 356
0.00 357
0.00 358
0.00 359
0.00 360
0.00 361
0.00 362
0.00 363
0.00 364
0.00 365
0.00 366
0.00 367
0.00 368
0.00 369
0.00 370
0.00 371
0.00 372
0.00 373
0.00 374
0.00 375
0.00 376
0.00 377
0.00 378
0.00 379
0.00 380
0.00 381
0.00 382
0.00 383
0.00 384
0.00 385
0.00 386
0.00 387
0.00 388
0.00 389
0.00 390
0.00 391
0.00 392
0.00 393
0.00 394
0.00 395
0.00 396
0.00 397
0.00 398
0.00 399
0.00 400
0.00 401
0.00 402
0.00 403
0.00 404
0.00 405
0.00 406
0.00 407
0.00 408
0.00 409
0.00 410
0.00 411
0.00 412
0.00 413
0.00 414
0.00 415
0.00 416
0.00 417
0.00 418
0.00 419
0.00 420
0.00 421
0.00 422
0.00 423
0.00 424
0.00 425
0.00 426
0.00 427
0.00 428
0.00 429
0.00 430
0.00 431
0.00 432
0.00 433
0.00 434
0.00 435
0.00 436
0.00 437
0.00 438
0.00 439
0.00 440
0.00 441
0.00 442
0.00 443
0.00 444
0.00 445
0.00 446
0.00 447
0.00 448
0.00 449
0.00 450
0.00 451
0.00 452
0.00 453
0.00 454
0.00 455
0.00 456
0.00 457
0.00 458
0.00 459
0.00 460
0.00 461
0.00 462
0.00 463
0.00 464
0.00 465
0.00 466
0.00 467
0.00 468
0.00 469
0.00 470
0.00 471
0.00 472
0.00 473
0.00 474
0.00 475
0.00 476
0.00 477
0.00 478
0.00 479
0.00 480
0.00 481
0.00 482
0.00 483
0.00 484
0.00 485
0.00 486
0.00 487
0.00 488
0.00 489
0.00 490
0.00 491
0.00 492
0.00 493
0.00 494
0.00 495
0.00 496
0.00 497
0.00 498
0.00 499
0.00 500
0.04 1
0.04 2
0.04 3
0.04 4
0.04 5
0.04 6
0.04 7
0.04 8
0.04 9
0.04 10
0.04 11
0.04 12
0.04 13
0.04 14
0.04 15
0.04 16
0.04 17
0.04 18
0.04 19
0.04 20
0.04 21
0.04 22
0.04 23
0.04 24
0.04 25
0.04 26
0.04 27
0.04 28
0.04 29
0.04 30
0.04 31
0.04 32
0.04 33
0.04 34
0.04 35
0.04 36
0.04 37
0.04 38
0.04 39
0.04 40
0.04 41
0.04 42
0.04 43
0.04 44
0.04 45
0.04 46
0.04 47
0.04 48
0.04 49
0.04 50
0.04 51
0.04 52
0.04 53
0.04 54
0.04 55
0.04 56
0.04 57
0.04 58
0.04 59
0.04 60
0.04 61
0.04 62
0.04 63
0.04 64
0.04 65
0.04 66
0.04 67
0.04 68
0.04 69
0.04 70
0.04 71
0.04 72
0.04 73
0.04 74
0.04 75
0.04 76
0.04 77
0.04 78
0.04 79
0.04 80
0.04 81
0.04 82
0.04 83
0.04 84
0.04 85
0.04 86
0.04 87
0.04 88
0.04 89
0.04 90
0.04 91
0.04 92
0.04 93
0.04 94
0.04 95
0.04 96
0.04 97
0.04 98
0.04 99
0.04 100
0.04 101
0.04 102
0.04 103
0.04 104
0.04 105
0.04 106
0.04 107
0.04 108
0.04 109
0.04 110
0.04 111
0.04 112
0.04 113
0.04 114
0.04 115
0.04 116
0.04 117
0.04 118
0.04 119
0.04 120
0.04 121
0.04 122
0.04 123
0.04 124
0.04 125
0.04 126
0.04 127
0.04 128
0.04 129
0.04 130
0.04 131
0.04 132
0.04 133
0.04 134
0.04 135
0.04 136
0.04 137
0.04 138
0.04 139
0.04 140
0.04 141
0.04 142
0.04 143
0.04 144
0.04 145
0.04 146
0.04 147
0.04 148
0.04 149
0.04 150
0.04 151
0.04 152
0.04 153
0.04 154
0.04 155
0.04 156
0.04 157
0.04 158
0.04 159
0.04 160
0.04 161
0.04 162
0.04 163
0.04 164
0.04 165
0.04 166
0.04 167
0.04 168
0.04 169
0.04 170
0.04 171
0.04 172
0.04 173
0.04 174
0.04 175
0.04 176
0.04 177
0.04 178
0.04 179
0.04 180
0.04 181
0.04 182
0.04 183
0.04 184
0.04 185
0.04 186
0.04 187
0.04 188
0.04 189
0.04 190
0.04 191
0.04 192
0.04 193
0.04 194
0.04 195
0.04 196
0.04 197
0.04 198
0.04 199
0.04 200
0.04 201
0.04 202
0.04 203
0.04 204
0.04 205
0.04 206
0.04 207
0.04 208
0.04 209
0.04 210
0.04 211
0.04 212
0.04 213
0.04 214
0.04 215
0.04 216
0.04 217
0.04 218
0.04 219
0.04 220
0.04 221
0.04 222
0.04 223
0.04 224
0.04 225
0.04 226
0.04 227
0.04 228
0.04 229
0.04 230
0.04 231
0.04 232
0.04 233
0.04 234
0.04 235
0.04 236
0.04 237
0.04 238
0.04 239
0.04 240
0.04 241
0.04 242
0.04 243
0.04 244
0.04 245
0.04 246
0.04 247
0.04 248
0.04 249
0.04 250
0.04 251
0.04 252
0.04 253
0.04 254
0.04 255
0.04 256
0.04 257
0.04 258
0.04 259
0.04 260
0.04 261
0.04 262
0.04 263
0.04 264
0.04 265
0.04 266
0.04 267
0.04 268
0.04 269
0.04 270
0.04 271
0.04 272
0.04 273
0.04 274
0.04 275
0.04 276
0.04 277
0.04 278
0.04 279
0.04 280
0.04 281
0.04 282
0.04 283
0.04 284
0.04 285
0.04 286
0.04 287
0.04 288
0.04 289
0.04 290
0.04 291
0.04 292
0.04 293
0.04 294
0.04 295
0.04 296
0.04 297
0.04 298
0.04 299
0.04 300
0.04 301
0.04 302
0.04 303
0.04 304
0.04 305
0.04 306
0.04 307
0.04 308
0.04 309
0.04 310
0.04 311
0.04 312
0.04 313
0.04 314
0.04 315
0.04 316
0.04 317
0.04 318
0.04 319
0.04 320
0.04 321
0.04 322
0.04 323
0.04 324
0.04 325
0.04 326
0.04 327
0.04 328
0.04 329
0.04 330
0.04 331
0.04 332
0.04 333
0.04 334
0.04 335
0.04 336
0.04 337
0.04 338
0.04 339
0.04 340
0.04 341
0.04 342
0.04 343
0.04 344
0.04 345
0.04 346
0.04 347
0.04 348
0.04 349
0.04 350
0.04 351
0.04 352
0.04 353
0.04 354
0.04 355
0.04 356
0.04 357
0.04 358
0.04 359
0.04 360
0.04 361
0.04 362
0.04 363
0.04 364
0.04 365
0.04 366
0.04 367
0.04 368
0.04 369
0.04 370
0.04 371
0.04 372
0.04 373
0.04 374
0.04 375
0.04 376
0.04 377
0.04 378
0.04 379
0.04 380
0.04 381
0.04 382
0.04 383
0.04 384
0.04 385
0.04 386
0.04 387
0.04 388
0.04 389
0.04 390
0.04 391
0.04 392
0.04 393
0.04 394
0.04 395
0.04 396
0.04 397
0.04 398
0.04 399
0.04 400
0.04 401
0.04 402
0.04 403
0.04 404
0.04 405
0.04 406
0.04 407
0.04 408
0.04 409
0.04 410
0.04 411
0.04 412
0.04 413
0.04 414
0.04 415
0.04 416
0.04 417
0.04 418
0.04 419
0.04 420
0.04 421
0.04 422
0.04 423
0.04 424
0.04 425
0.04 426
0.04 427
0.04 428
0.04 429
0.04 430
0.04 431
0.04 432
0.04 433
0.04 434
0.04 435
0.04 436
0.04 437
0.04 438
0.04 439
0.04 440
0.04 441
0.04 442
0.04 443
0.04 444
0.04 445
0.04 446
0.04 447
0.04 448
0.04 449
0.04 450
0.04 451
0.04 452
0.04 453
0.04 454
0.04 455
0.04 456
0.04 457
0.04 458
0.04 459
0.04 460
0.04 461
0.04 462
0.04 463
0.04 464
0.04 465
0.04 466
0.04 467
0.04 468
0.04 469
0.04 470
0.04 471
0.04 472
0.04 473
0.04 474
0.04 475
0.04 476
0.04 477
0.04 478
0.04 479
0.04 480
0.04 481
0.04 482
0.04 483
0.04 484
0.04 485
0.04 486
0.04 487
0.04 488
0.04 489
0.04 490
0.04 491
0.04 492
0.04 493
0.04 494
0.04 495
0.04 496
0.04 497
0.04 498
0.04 499
0.04 500
0.08 1
0.08 2
0.08 3
0.08 4
0.08 5
0.08 6
0.08 7
0.08 8
0.08 9
0.08 10
0.08 11
0.08 12
0.08 13
0.08 14
0.08 15
0.08 16
0.08 17
0.08 18
0.08 19
0.08 20
0.08 21
0.08 22
0.08 23
0.08 24
0.08 25
0.08 26
0.08 27
0.08 28
0.08 29
0.08 30
0.08 31
0.08 32
0.08 33
0.08 34
0.08 35
0.08 36
0.08 37
0.08 38
0.08 39
0.08 40
0.08 41
0.08 42
0.08 43
0.08 44
0.08 45
0.08 46
0.08 47
0.08 48
0.08 49
0.08 50
0.08 51
0.08 52
0.08 53
0.08 54
0.08 55
0.08 56
0.08 57
0.08 58
0.08 59
0.08 60
0.08 61
0.08 62
0.08 63
0.08 64
0.08 65
0.08 66
0.08 67
0.08 68
0.08 69
0.08 70
0.08 71
0.08 72
0.08 73
0.08 74
0.08 75
0.08 76
0.08 77
0.08 78
0.08 79
0.08 80
0.08 81
0.08 82
0.08 83
0.08 84
0.08 85
0.08 86
0.08 87
0.08 88
0.08 89
0.08 90
0.08 91
0.08 92
0.08 93
0.08 94
0.08 95
0.08 96
0.08 97
0.08 98
0.08 99
0.08 100
0.08 101
0.08 102
0.08 103
0.08 104
0.08 105
0.08 106
0.08 107
0.08 108
0.08 109
0.08 110
0.08 111
0.08 112
0.08 113
0.08 114
0.08 115
0.08 116
0.08 117
0.08 118
0.08 119
0.08 120
0.08 121
0.08 122
0.08 123
0.08 124
0.08 125
0.08 126
0.08 127
0.08 128
0.08 129
0.08 130
0.08 131
0.08 132
0.08 133
0.08 134
0.08 135
0.08 136
0.08 137
0.08 138
0.08 139
0.08 140
0.08 141
0.08 142
0.08 143
0.08 144
0.08 145
0.08 146
0.08 147
0.08 148
0.08 149
0.08 150
0.08 151
0.08 152
0.08 153
0.08 154
0.08 155
0.08 156
0.08 157
0.08 158
0.08 159
0.08 160
0.08 161
0.08 162
0.08 163
0.08 164
0.08 165
0.08 166
0.08 167
0.08 168
0.08 169
0.08 170
0.08 171
0.08 172
0.08 173
0.08 174
0.08 175
0.08 176
0.08 177
0.08 178
0.08 179
0.08 180
0.08 181
0.08 182
0.08 183
0.08 184
0.08 185
0.08 186
0.08 187
0.08 188
0.08 189
0.08 190
0.08 191
0.08 192
0.08 193
0.08 194
0.08 195
0.08 196
0.08 197
0.08 198
0.08 199
0.08 200
0.08 201
0.08 202
0.08 203
0.08 204
0.08 205
0.08 206
0.08 207
0.08 208
0.08 209
0.08 210
0.08 211
0.08 212
0.08 213
0.08 214
0.08 215
0.08 216
0.08 217
0.08 218
0.08 219
0.08 220
0.08 221
0.08 222
0.08 223
0.08 224
0.08 225
0.08 226
0.08 227
0.08 228
0.08 229
0.08 230
0.08 231
0.08 232
0.08 233
0.08 234
0.08 235
0.08 236
0.08 237
0.08 238
0.08 239
0.08 240
0.08 241
0.08 242
0.08 243
0.08 244
0.08 245
0.08 246
0.08 247
0.08 248
0.08 249
0.08 250
0.08 251
0.08 252
0.08 253
0.08 254
0.08 255
0.08 256
0.08 257
0.08 258
0.08 259
0.08 260
0.08 261
0.08 262
0.08 263
0.08 264
0.08 265
0.08 266
0.08 267
0.08 268
0.08 269
0.08 270
0.08 271
0.08 272
0.08 273
0.08 274
0.08 275
0.08 276
0.08 277
0.08 278
0.08 279
0.08 280
0.08 281
0.08 282
0.08 283
0.08 284
0.08 285
0.08 286
0.08 287
0.08 288
0.08 289
0.08 290
0.08 291
0.08 292
0.08 293
0.08 294
0.08 295
0.08 296
0.08 297
0.08 298
0.08 299
0.08 300
0.08 301
0.08 302
0.08 303
0.08 304
0.08 305
0.08 306
0.08 307
0.08 308
0.08 309
0.08 310
0.08 311
0.08 312
0.08 313
0.08 314
0.08 315
0.08 316
0.08 317
0.08 318
0.08 319
0.08 320
0.08 321
0.08 322
0.08 323
0.08 324
0.08 325
0.08 326
0.08 327
0.08 328
0.08 329
0.08 330
0.08 331
0.08 332
0.08 333
0.08 334
0.08 335
0.08 336
0.08 337
0.08 338
0.08 339
0.08 340
0.08 341
0.08 342
0.08 343
0.08 344
0.08 345
0.08 346
0.08 347
0.08 348
0.08 349
0.08 350
0.08 351
0.08 352
0.08 353
0.08 354
0.08 355
0.08 356
0.08 357
0.08 358
0.08 359
0.08 360
0.08 361
0.08 362
0.08 363
0.08 364
0.08 365
0.08 366
0.08 367
0.08 368
0.08 369
0.08 370
0.08 371
0.08 372
0.08 373
0.08 374
0.08 375
0.08 376
0.08 377
0.08 378
0.08 379
0.08 380
0.08 381
0.08 382
0.08 383
0.08 384
0.08 385
0.08 386
0.08 387
0.08 388
0.08 389
0.08 390
0.08 391
0.08 392
0.08 393
0.08 394
0.08 395
0.08 396
0.08 397
0.08 398
0.08 399
0.08 400
0.08 401
0.08 402
0.08 403
0.08 404
0.08 405
0.08 406
0.08 407
0.08 408
0.08 409
0.08 410
0.08 411
0.08 412
0.08 413
0.08 414
0.08 415
0.08 416
0.08 417
0.08 418
0.08 419
0.08 420
0.08 421
0.08 422
0.08 423
0.08 424
0.08 425
0.08 426
0.08 427
0.08 428
0.08 429
0.08 430
0.08 431
0.08 432
0.08 433
0.08 434
0.08 435
0.08 436
0.08 437
0.08 438
0.08 439
0.08 440
0.08 441
0.08 442
0.08 443
0.08 444
0.08 445
0.08 446
0.08 447
0.08 448
0.08 449
0.08 450
0.08 451
0.08 452
0.08 453
0.08 454
0.08 455
0.08 456
0.08 457
0.08 458
0.08 459
0.08 460
0.08 461
0.08 462
0.08 463
0.08 464
0.08 465
0.08 466
0.08 467
0.08 468
0.08 469
0.08 470
0.08 471
0.08 472
0.08 473
0.08 474
0.08 475
0.08 476
0.08 477
0.08 478
0.08 479
0.08 480
0.08 481
0.08 482
0.08 483
0.08 484
0.08 485
0.08 486
0.08 487
0.08 488
0.08 489
0.08 490
0.08 491
0.08 492
0.08 493
0.08 494
0.08 495
0.08 496
0.08 497
0.08 498
0.08 499
0.08 500
0.12 1
0.12 2
0.12 3
0.12 4
0.12 5
0.12 6
0.12 7
0.12 8
0.12 9
0.12 10
0.12 11
0.12 12
0.12 13
0.12 14
0.12 15
0.12 16
0.12 17
0.12 18
0.12 19
0.12 20
0.12 21
0.12 22
0.12 23
0.12 24
0.12 25
0.12 26
0.12 27
0.12 28
0.12 29
0.12 30
0.12 31
0.12 32
0.12 33
0.12 34
0.12 35
0.12 36
0.12 37
0.12 38
0.12 39
0.12 40
0.12 41
0.12 42
0.12 43
0.12 44
0.12 45
0.12 46
0.12 47
0.12 48
0.12 49
0.12 50
0.12 51
0.12 52
0.12 53
0.12 54
0.12 55
0.12 56
0.12 57
0.12 58
0.12 59
0.12 60
0.12 61
0.12 62
0.12 63
0.12 64
0.12 65
0.12 66
0.12 67
0.12 68
0.12 69
0.12 70
0.12 71
0.12 72
0.12 73
0.12 74
0.12 75
0.12 76
0.12 77
0.12 78
0.12 79
0.12 80
0.12 81
0.12 82
0.12 83
0.12 84
0.12 85
0.12 86
0.12 87
0.12 88
0.12 89
0.12 90
0.12 91
0.12 92
0.12 93
0.12 94
0.12 95
0.12 96
0.12 97
0.12 98
0.12 99
0.12 100
0.12 101
0.12 102
0.12 103
0.12 104
0.12 105
0.12 106
0.12 107
0.12 108
0.12 109
0.12 110
0.12 111
0.12 112
0.12 113
0.12 114
0.12 115
0.12 116
0.12 117
0.12 118
0.12 119
0.12 120
0.12 121
0.12 122
0.12 123
0.12 124
0.12 125
0.12 126
0.12 127
0.12 128
0.12 129
0.12 130
0.12 131
0.12 132
0.12 133
0.12 134
0.12 135
0.12 136
0.12 137
0.12 138
0.12 139
0.12 140
0.12 141
0.12 142
0.12 143
0.12 144
0.12 145
0.12 146
0.12 147
0.12 148
0.12 149
0.12 150
0.12 151
0.12 152
0.12 153
0.12 154
0.12 155
0.12 156
0.12 157
0.12 158
0.12 159
0.12 160
0.12 161
0.12 162
0.12 163
0.12 164
0.12 165
0.12 166
0.12 167
0.12 168
0.12 169
0.12 170
0.12 171
0.12 172
0.12 173
0.12 174
0.12 175
0.12 176
0.12 177
0.12 178
0.12 179
0.12 180
0.12 181
0.12 182
0.12 183
0.12 184
0.12 185
0.12 186
0.12 187
0.12 188
0.12 189
0.12 190
0.12 191
0.12 192
0.12 193
0.12 194
0.12 195
0.12 196
0.12 197
0.12 198
0.12 199
0.12 200
0.12 201
0.12 202
0.12 203
0.12 204
0.12 205
0.12 206
0.12 207
0.12 208
0.12 209
0.12 210
0.12 211
0.12 212
0.12 213
0.12 214
0.12 215
0.12 216
0.12 217
0.12 218
0.12 219
0.12 220
0.12 221
0.12 222
0.12 223
0.12 224
0.12 225
0.12 226
0.12 227
0.12 228
0.12 229
0.12 230
0.12 231
0.12 232
0.12 233
0.12 234
0.12 235
0.12 236
0.12 237
0.12 238
0.12 239
0.12 240
0.12 241
0.12 242
0.12 243
0.12 244
0.12 245
0.12 246
0.12 247
0.12 248
0.12 249
0.12 250
0.12 251
0.12 252
0.12 253
0.12 254
0.12 255
0.12 256
0.12 257
0.12 258
0.12 259
0.12 260
0.12 261
0.12 262
0.12 263
0.12 264
0.12 265
0.12 266
0.12 267
0.12 268
0.12 269
0.12 270
0.12 271
0.12 272
0.12 273
0.12 274
0.12 275
0.12 276
0.12 277
0.12 278
0.12 279
0.12 280
0.12 281
0.12 282
0.12 283
0.12 284
0.12 285
0.12 286
0.12 287
0.12 288
0.12 289
0.12 290
0.12 291
0.12 292
0.12 293
0.12 294
0.12 295
0.12 296
0.12 297
0.12 298
0.12 299
0.12 300
0.12 301
0.12 302
0.12 303
0.12 304
0.12 305
0.12 306
0.12 307
0.12 308
0.12 309
0.12 310
0.12 311
0.12 312
0.12 313
0.12 314
0.12 315
0.12 316
0.12 317
0.12 318
0.12 319
0.12 320
0.12 321
0.12 322
0.12 323
0.12 324
0.12 325
0.12 326
0.12 327
0.12 328
0.12 329
0.12 330
0.12 331
0.12 332
0.12 333
0.12 334
0.12 335
0.12 336
0.12 337
0.12 338
0.12 339
0.12 340
0.12 341
0.12 342
0.12 343
0.12 344
0.12 345
0.12 346
0.12 347
0.12 348
0.12 349
0.12 350
0.12 351
0.12 352
0.12 353
0.12 354
0.12 355
0.12 356
0.12 357
0.12 358
0.12 359
0.12 360
0.12 361
0.12 362
0.12 363
0.12 364
0.12 365
0.12 366
0.12 367
0.12 368
0.12 369
0.12 370
0.12 371
0.12 372
0.12 373
0.12 374
0.12 375
0.12 376
0.12 377
0.12 378
0.12 379
0.12 380
0.12 381
0.12 382
0.12 383
0.12 384
0.12 385
0.12 386
0.12 387
0.12 388
0.12 389
0.12 390
0.12 391
0.12 392
0.12 393
0.12 394
0.12 395
0.12 396
0.12 397
0.12 398
0.12 399
0.12 400
0.12 401
0.12 402
0.12 403
0.12 404
0.12 405
0.12 406
0.12 407
0.12 408
0.12 409
0.12 410
0.12 411
0.12 412
0.12 413
0.12 414
0.12 415
0.12 416
0.12 417
0.12 418
0.12 419
0.12 420
0.12 421
0.12 422
0.12 423
0.12 424
0.12 425
0.12 426
0.12 427
0.12 428
0.12 429
0.12 430
0.12 431
0.12 432
0.12 433
0.12 434
0.12 435
0.12 436
0.12 437
0.12 438
0.12 439
0.12 440
0.12 441
0.12 442
0.12 443
0.12 444
0.12 445
0.12 446
0.12 447
0.12 448
0.12 449
0.12 450
0.12 451
0.12 452
0.12 453
0.12 454
0.12 455
0.12 456
0.12 457
0.12 458
0.12 459
0.12 460
0.12 461
0.12 462
0.12 463
0.12 464
0.12 465
0.12 466
0.12 467
0.12 468
0.12 469
0.12 470
0.12 471
0.12 472
0.12 473
0.12 474
0.12 475
0.12 476
0.12 477
0.12 478
0.12 479
0.12 480
0.12 481
0.12 482
0.12 483
0.12 484
0.12 485
0.12 486
0.12 487
0.12 488
0.12 489
0.12 490
0.12 491
0.12 492
0.12 493
0.12 494
0.12 495
0.12 496
0.12 497
0.12 498
0.12 499
0.12 500
0.16 1
0.16 2
0.16 3
0.16 4
0.16 5
0.16 6
0.16 7
0.16 8
0.16 9
0.16 10
0.16 11
0.16 12
0.16 13
0.16 14
0.16 15
0.16 16
0.16 17
0.16 18
0.16 19
0.16 20
0.16 21
0.16 22
0.16 23
0.16 24
0.16 25
0.16 26
0.16 27
0.16 28
0.16 29
0.16 30
0.16 31
0.16 32
0.16 33
0.16 34
0.16 35
0.16 36
0.16 37
0.16 38
0.16 39
0.16 40
0.16 41
0.16 42
0.16 43
0.16 44
0.16 45
0.16 46
0.16 47
0.16 48
0.16 49
0.16 50
0.16 51
0.16 52
0.16 53
0.16 54
0.16 55
0.16 56
0.16 57
0.16 58
0.16 59
0.16 60
0.16 61
0.16 62
0.16 63
0.16 64
0.16 65
0.16 66
0.16 67
0.16 68
0.16 69
0.16 70
0.16 71
0.16 72
0.16 73
0.16 74
0.16 75
0.16 76
0.16 77
0.16 78
0.16 79
0.16 80
0.16 81
0.16 82
0.16 83
0.16 84
0.16 85
0.16 86
0.16 87
0.16 88
0.16 89
0.16 90
0.16 91
0.16 92
0.16 93
0.16 94
0.16 95
0.16 96
0.16 97
0.16 98
0.16 99
0.16 100
0.16 101
0.16 102
0.16 103
0.16 104
0.16 105
0.16 106
0.16 107
0.16 108
0.16 109
0.16 110
0.16 111
0.16 112
0.16 113
0.16 114
0.16 115
0.16 116
0.16 117
0.16 118
0.16 119
0.16 120
0.16 121
0.16 122
0.16 123
0.16 124
0.16 125
0.16 126
0.16 127
0.16 128
0.16 129
0.16 130
0.16 131
0.16 132
0.16 133
0.16 134
0.16 135
0.16 136
0.16 137
0.16 138
0.16 139
0.16 140
0.16 141
0.16 142
0.16 143
0.16 144
0.16 145
0.16 146
0.16 147
0.16 148
0.16 149
0.16 150
0.16 151
0.16 152
0.16 153
0.16 154
0.16 155
0.16 156
0.16 157
0.16 158
0.16 159
0.16 160
0.16 161
0.16 162
0.16 163
0.16 164
0.16 165
0.16 166
0.16 167
0.16 168
0.16 169
0.16 170
0.16 171
0.16 172
0.16 173
0.16 174
0.16 175
0.16 176
0.16 177
0.16 178
0.16 179
0.16 180
0.16 181
0.16 182
0.16 183
0.16 184
0.16 185
0.16 186
0.16 187
0.16 188
0.16 189
0.16 190
0.16 191
0.16 192
0.16 193
0.16 194
0.16 195
0.16 196
0.16 197
0.16 198
0.16 199
0.16 200
0.16 201
0.16 202
0.16 203
0.16 204
0.16 205
0.16 206
0.16 207
0.16 208
0.16 209
0.16 210
0.16 211
0.16 212
0.16 213
0.16 214
0.16 215
0.16 216
0.16 217
0.16 218
0.16 219
0.16 220
0.16 221
0.16 222
0.16 223
0.16 224
0.16 225
0.16 226
0.16 227
0.16 228
0.16 229
0.16 230
0.16 231
0.16 232
0.16 233
0.16 234
0.16 235
0.16 236
0.16 237
0.16 238
0.16 239
0.16 240
0.16 241
0.16 242
0.16 243
0.16 244
0.16 245
0.16 246
0.16 247
0.16 248
0.16 249
0.16 250
0.16 251
0.16 252
0.16 253
0.16 254
0.16 255
0.16 256
0.16 257
0.16 258
0.16 259
0.16 260
0.16 261
0.16 262
0.16 263
0.16 264
0.16 265
0.16 266
0.16 267
0.16 268
0.16 269
0.16 270
0.16 271
0.16 272
0.16 273
0.16 274
0.16 275
0.16 276
0.16 277
0.16 278
0.16 279
0.16 280
0.16 281
0.16 282
0.16 283
0.16 284
0.16 285
0.16 286
0.16 287
0.16 288
0.16 289
0.16 290
0.16 291
0.16 292
0.16 293
0.16 294
0.16 295
0.16 296
0.16 297
0.16 298
0.16 299
0.16 300
0.16 301
0.16 302
0.16 303
0.16 304
0.16 305
0.16 306
0.16 307
0.16 308
0.16 309
0.16 310
0.16 311
0.16 312
0.16 313
0.16 314
0.16 315
0.16 316
0.16 317
0.16 318
0.16 319
0.16 320
0.16 321
0.16 322
0.16 323
0.16 324
0.16 325
0.16 326
0.16 327
0.16 328
0.16 329
0.16 330
0.16 331
0.16 332
0.16 333
0.16 334
0.16 335
0.16 336
0.16 337
0.16 338
0.16 339
0.16 340
0.16 341
0.16 342
0.16 343
0.16 344
0.16 345
0.16 346
0.16 347
0.16 348
0.16 349
0.16 350
0.16 351
0.16 352
0.16 353
0.16 354
0.16 355
0.16 356
0.16 357
0.16 358
0.16 359
0.16 360
0.16 361
0.16 362
0.16 363
0.16 364
0.16 365
0.16 366
0.16 367
0.16 368
0.16 369
0.16 370
0.16 371
0.16 372
0.16 373
0.16 374
0.16 375
0.16 376
0.16 377
0.16 378
0.16 379
0.16 380
0.16 381
0.16 382
0.16 383
0.16 384
0.16 385
0.16 386
0.16 387
0.16 388
0.16 389
0.16 390
0.16 391
0.16 392
0.16 393
0.16 394
0.16 395
0.16 396
0.16 397
0.16 398
0.16 399
0.16 400
0.16 401
0.16 402
0.16 403
0.16 404
0.16 405
0.16 406
0.16 407
0.16 408
0.16 409
0.16 410
0.16 411
0.16 412
0.16 413
0.16 414
0.16 415
0.16 416
0.16 417
0.16 418
0.16 419
0.16 420
0.16 421
0.16 422
0.16 423
0.16 424
0.16 425
0.16 426
0.16 427
0.16 428
0.16 429
0.16 430
0.16 431
0.16 432
0.16 433
0.16 434
0.16 435
0.16 436
0.16 437
0.16 438
0.16 439
0.16 440
0.16 441
0.16 442
0.16 443
0.16 444
0.16 445
0.16 446
0.16 447
0.16 448
0.16 449
0.16 450
0.16 451
0.16 452
0.16 453
0.16 454
0.16 455
0.16 456
0.16 457
0.16 458
0.16 459
0.16 460
0.16 461
0.16 462
0.16 463
0.16 464
0.16 465
0.16 466
0.16 467
0.16 468
0.16 469
0.16 470
0.16 471
0.16 472
0.16 473
0.16 474
0.16 475
0.16 476
0.16 477
0.16 478
0.16 479
0.16 480
0.16 481
0.16 482
0.16 483
0.16 484
0.16 485
0.16 486
0.16 487
0.16 488
0.16 489
0.16 490
0.16 491
0.16 492
0.16 493
0.16 494
0.16 495
0.16 496
0.16 497
0.16 498
0.16 499
0.16 500
0.20 1
0.20 2
0.20 3
0.20 4
0.20 5
0.20 6
0.20 7
0.20 8
0.20 9
0.20 10
0.20 11
0.20 12
0.20 13
0.20 14
0.20 15
0.20 16
0.20 17
0.20 18
0.20 19
0.20 20
0.20 21
0.20 22
0.20 23
0.20 24
0.20 25
0.20 26
0.20 27
0.20 28
0.20 29
0.20 30
0.20 31
0.20 32
0.20 33
0.20 34
0.20 35
0.20 36
0.20 37
0.20 38
0.20 39
0.20 40
0.20 41
0.20 42
0.20 43
0.20 44
0.20 45
0.20 46
0.20 47
0.20 48
0.20 49
0.20 50
0.20 51
0.20 52
0.20 53
0.20 54
0.20 55
0.20 56
0.20 57
0.20 58
0.20 59
0.20 60
0.20 61
0.20 62
0.20 63
0.20 64
0.20 65
0.20 66
0.20 67
0.20 68
0.20 69
0.20 70
0.20 71
0.20 72
0.20 73
0.20 74
0.20 75
0.20 76
0.20 77
0.20 78
0.20 79
0.20 80
0.20 81
0.20 82
0.20 83
0.20 84
0.20 85
0.20 86
0.20 87
0.20 88
0.20 89
0.20 90
0.20 91
0.20 92
0.20 93
0.20 94
0.20 95
0.20 96
0.20 97
0.20 98
0.20 99
0.20 100
0.20 101
0.20 102
0.20 103
0.20 104
0.20 105
0.20 106
0.20 107
0.20 108
0.20 109
0.20 110
0.20 111
0.20 112
0.20 113
0.20 114
0.20 115
0.20 116
0.20 117
0.20 118
0.20 119
0.20 120
0.20 121
0.20 122
0.20 123
0.20 124
0.20 125
0.20 126
0.20 127
0.20 128
0.20 129
0.20 130
0.20 131
0.20 132
0.20 133
0.20 134
0.20 135
0.20 136
0.20 137
0.20 138
0.20 139
0.20 140
0.20 141
0.20 142
0.20 143
0.20 144
0.20 145
0.20 146
0.20 147
0.20 148
0.20 149
0.20 150
0.20 151
0.20 152
0.20 153
0.20 154
0.20 155
0.20 156
0.20 157
0.20 158
0.20 159
0.20 160
0.20 161
0.20 162
0.20 163
0.20 164
0.20 165
0.20 166
0.20 167
0.20 168
0.20 169
0.20 170
0.20 171
0.20 172
0.20 173
0.20 174
0.20 175
0.20 176
0.20 177
0.20 178
0.20 179
0.20 180
0.20 181
0.20 182
0.20 183
0.20 184
0.20 185
0.20 186
0.20 187
0.20 188
0.20 189
0.20 190
0.20 191
0.20 192
0.20 193
0.20 194
0.20 195
0.20 196
0.20 197
0.20 198
0.20 199
0.20 200
0.20 201
0.20 202
0.20 203
0.20 204
0.20 205
0.20 206
0.20 207
0.20 208
0.20 209
0.20 210
0.20 211
0.20 212
0.20 213
0.20 214
0.20 215
0.20 216
0.20 217
0.20 218
0.20 219
0.20 220
0.20 221
0.20 222
0.20 223
0.20 224
0.20 225
0.20 226
0.20 227
0.20 228
0.20 229
0.20 230
0.20 231
0.20 232
0.20 233
0.20 234
0.20 235
0.20 236
0.20 237
0.20 238
0.20 239
0.20 240
0.20 241
0.20 242
0.20 243
0.20 244
0.20 245
0.20 246
0.20 247
0.20 248
0.20 249
0.20 250
0.20 251
0.20 252
0.20 253
0.20 254
0.20 255
0.20 256
0.20 257
0.20 258
0.20 259
0.20 260
0.20 261
0.20 262
0.20 263
0.20 264
0.20 265
0.20 266
0.20 267
0.20 268
0.20 269
0.20 270
0.20 271
0.20 272
0.20 273
0.20 274
0.20 275
0.20 276
0.20 277
0.20 278
0.20 279
0.20 280
0.20 281
0.20 282
0.20 283
0.20 284
0.20 285
0.20 286
0.20 287
0.20 288
0.20 289
0.20 290
0.20 291
0.20 292
0.20 293
0.20 294
0.20 295
0.20 296
0.20 297
0.20 298
0.20 299
0.20 300
0.20 301
0.20 302
0.20 303
0.20 304
0.20 305
0.20 306
0.20 307
0.20 308
0.20 309
0.20 310
0.20 311
0.20 312
0.20 313
0.20 314
0.20 315
0.20 316
0.20 317
0.20 318
0.20 319
0.20 320
0.20 321
0.20 322
0.20 323
0.20 324
0.20 325
0.20 326
0.20 327
0.20 328
0.20 329
0.20 330
0.20 331
0.20 332
0.20 333
0.20 334
0.20 335
0.20 336
0.20 337
0.20 338
0.20 339
0.20 340
0.20 341
0.20 342
0.20 343
0.20 344
0.20 345
0.20 346
0.20 347
0.20 348
0.20 349
0.20 350
0.20 351
0.20 352
0.20 353
0.20 354
0.20 355
0.20 356
0.20 357
0.20 358
0.20 359
0.20 360
0.20 361
0.20 362
0.20 363
0.20 364
0.20 365
0.20 366
0.20 367
0.20 368
0.20 369
0.20 370
0.20 371
0.20 372
0.20 373
0.20 374
0.20 375
0.20 376
0.20 377
0.20 378
0.20 379
0.20 380
0.20 381
0.20 382
0.20 383
0.20 384
0.20 385
0.20 386
0.20 387
0.20 388
0.20 389
0.20 390
0.20 391
0.20 392
0.20 393
0.20 394
0.20 395
0.20 396
0.20 397
0.20 398
0.20 399
0.20 400
0.20 401
0.20 402
0.20 403
0.20 404
0.20 405
0.20 406
0.20 407
0.20 408
0.20 409
0.20 410
0.20 411
0.20 412
0.20 413
0.20 414
0.20 415
0.20 416
0.20 417
0.20 418
0.20 419
0.20 420
0.20 421
0.20 422
0.20 423
0.20 424
0.20 425
0.20 426
0.20 427
0.20 428
0.20 429
0.20 430
0.20 431
0.20 432
0.20 433
0.20 434
0.20 435
0.20 436
0.20 437
0.20 438
0.20 439
0.20 440
0.20 441
0.20 442
0.20 443
0.20 444
0.20 445
0.20 446
0.20 447
0.20 448
0.20 449
0.20 450
0.20 451
0.20 452
0.20 453
0.20 454
0.20 455
0.20 456
0.20 457
0.20 458
0.20 459
0.20 460
0.20 461
0.20 462
0.20 463
0.20 464
0.20 465
0.20 466
0.20 467
0.20 468
0.20 469
0.20 470
0.20 471
0.20 472
0.20 473
0.20 474
0.20 475
0.20 476
0.20 477
0.20 478
0.20 479
0.20 480
0.20 481
0.20 482
0.20 483
0.20 484
0.20 485
0.20 486
0.20 487
0.20 488
0.20 489
0.20 490
0.20 491
0.20 492
0.20 493
0.20 494
0.20 495
0.20 496
0.20 497
0.20 498
0.20 499
0.20 500
0.24 1
0.24 2
0.24 3
0.24 4
0.24 5
0.24 6
0.24 7
0.24 8
0.24 9
0.24 10
0.24 11
0.24 12
0.24 13
0.24 14
0.24 15
0.24 16
0.24 17
0.24 18
0.24 19
0.24 20
0.24 21
0.24 22
0.24 23
0.24 24
0.24 25
0.24 26
0.24 27
0.24 28
0.24 29
0.24 30
0.24 31
0.24 32
0.24 33
0.24 34
0.24 35
0.24 36
0.24 37
0.24 38
0.24 39
0.24 40
0.24 41
0.24 42
0.24 43
0.24 44
0.24 45
0.24 46
0.24 47
0.24 48
0.24 49
0.24 50
0.24 51
0.24 52
0.24 53
0.24 54
0.24 55
0.24 56
0.24 57
0.24 58
0.24 59
0.24 60
0.24 61
0.24 62
0.24 63
0.24 64
0.24 65
0.24 66
0.24 67
0.24 68
0.24 69
0.24 70
0.24 71
0.24 72
0.24 73
0.24 74
0.24 75
0.24 76
0.24 77
0.24 78
0.24 79
0.24 80
0.24 81
0.24 82
0.24 83
0.24 84
0.24 85
0.24 86
0.24 87
0.24 88
0.24 89
0.24 90
0.24 91
0.24 92
0.24 93
0.24 94
0.24 95
0.24 96
0.24 97
0.24 98
0.24 99
0.24 100
0.24 101
0.24 102
0.24 103
0.24 104
0.24 105
0.24 106
0.24 107
0.24 108
0.24 109
0.24 110
0.24 111
0.24 112
0.24 113
0.24 114
0.24 115
0.24 116
0.24 117
0.24 118
0.24 119
0.24 120
0.24 121
0.24 122
0.24 123
0.24 124
0.24 125
0.24 126
0.24 127
0.24 128
0.24 129
0.24 130
0.24 131
0.24 132
0.24 133
0.24 134
0.24 135
0.24 136
0.24 137
0.24 138
0.24 139
0.24 140
0.24 141
0.24 142
0.24 143
0.24 144
0.24 145
0.24 146
0.24 147
0.24 148
0.24 149
0.24 150
0.24 151
0.24 152
0.24 153
0.24 154
0.24 155
0.24 156
0.24 157
0.24 158
0.24 159
0.24 160
0.24 161
0.24 162
0.24 163
0.24 164
0.24 165
0.24 166
0.24 167
0.24 168
0.24 169
0.24 170
0.24 171
0.24 172
0.24 173
0.24 174
0.24 175
0.24 176
0.24 177
0.24 178
0.24 179
0.24 180
0.24 181
0.24 182
0.24 183
0.24 184
0.24 185
0.24 186
0.24 187
0.24 188
0.24 189
0.24 190
0.24 191
0.24 192
0.24 193
0.24 194
0.24 195
0.24 196
0.24 197
0.24 198
0.24 199
0.24 200
0.24 201
0.24 202
0.24 203
0.24 204
0.24 205
0.24 206
0.24 207
0.24 208
0.24 209
0.24 210
0.24 211
0.24 212
0.24 213
0.24 214
0.24 215
0.24 216
0.24 217
0.24 218
0.24 219
0.24 220
0.24 221
0.24 222
0.24 223
0.24 224
0.24 225
0.24 226
0.24 227
0.24 228
0.24 229
0.24 230
0.24 231
0.24 232
0.24 233
0.24 234
0.24 235
0.24 236
0.24 237
0.24 238
0.24 239
0.24 240
0.24 241
0.24 242
0.24 243
0.24 244
0.24 245
0.24 246
0.24 247
0.24 248
0.24 249
0.24 250
0.24 251
0.24 252
0.24 253
0.24 254
0.24 255
0.24 256
0.24 257
0.24 258
0.24 259
0.24 260
0.24 261
0.24 262
0.24 263
0.24 264
0.24 265
0.24 266
0.24 267
0.24 268
0.24 269
0.24 270
0.24 271
0.24 272
0.24 273
0.24 274
0.24 275
0.24 276
0.24 277
0.24 278
0.24 279
0.24 280
0.24 281
0.24 282
0.24 283
0.24 284
0.24 285
0.24 286
0.24 287
0.24 288
0.24 289
0.24 290
0.24 291
0.24 292
0.24 293
0.24 294
0.24 295
0.24 296
0.24 297
0.24 298
0.24 299
0.24 300
0.24 301
0.24 302
0.24 303
0.24 304
0.24 305
0.24 306
0.24 307
0.24 308
0.24 309
0.24 310
0.24 311
0.24 312
0.24 313
0.24 314
0.24 315
0.24 316
0.24 317
0.24 318
0.24 319
0.24 320
0.24 321
0.24 322
0.24 323
0.24 324
0.24 325
0.24 326
0.24 327
0.24 328
0.24 329
0.24 330
0.24 331
0.24 332
0.24 333
0.24 334
0.24 335
0.24 336
0.24 337
0.24 338
0.24 339
0.24 340
0.24 341
0.24 342
0.24 343
0.24 344
0.24 345
0.24 346
0.24 347
0.24 348
0.24 349
0.24 350
0.24 351
0.24 352
0.24 353
0.24 354
0.24 355
0.24 356
0.24 357
0.24 358
0.24 359
0.24 360
0.24 361
0.24 362
0.24 363
0.24 364
0.24 365
0.24 366
0.24 367
0.24 368
0.24 369
0.24 370
0.24 371
0.24 372
0.24 373
0.24 374
0.24 375
0.24 376
0.24 377
0.24 378
0.24 379
0.24 380
0.24 381
0.24 382
0.24 383
0.24 384
0.24 385
0.24 386
0.24 387
0.24 388
0.24 389
0.24 390
0.24 391
0.24 392
0.24 393
0.24 394
0.24 395
0.24 396
0.24 397
0.24 398
0.24 399
0.24 400
0.24 401
0.24 402
0.24 403
0.24 404
0.24 405
0.24 406
0.24 407
0.24 408
0.24 409
0.24 410
0.24 411
0.24 412
0.24 413
0.24 414
0.24 415
0.24 416
0.24 417
0.24 418
0.24 419
0.24 420
0.24 421
0.24 422
0.24 423
0.24 424
0.24 425
0.24 426
0.24 427
0.24 428
0.24 429
0.24 430
0.24 431
0.24 432
0.24 433
0.24 434
0.24 435
0.24 436
0.24 437
0.24 438
0.24 439
0.24 440
0.24 441
0.24 442
0.24 443
0.24 444
0.24 445
0.24 446
0.24 447
0.24 448
0.24 449
0.24 450
0.24 451
0.24 452
0.24 453
0.24 454
0.24 455
0.24 456
0.24 457
0.24 458
0.24 459
0.24 460
0.24 461
0.24 462
0.24 463
0.24 464
0.24 465
0.24 466
0.24 467
0.24 468
0.24 469
0.24 470
0.24 471
0.24 472
0.24 473
0.24 474
0.24 475
0.24 476
0.24 477
0.24 478
0.24 479
0.24 480
0.24 481
0.24 482
0.24 483
0.24 484
0.24 485
0.24 486
0.24 487
0.24 488
0.24 489
0.24 490
0.24 491
0.24 492
0.24 493
0.24 494
0.24 495
0.24 496
0.24 497
0.24 498
0.24 499
0.24 500
0.28 1
0.28 2
0.28 3
0.28 4
0.28 5
0.28 6
0.28 7
0.28 8
0.28 9
0.28 10
0.28 11
0.28 12
0.28 13
0.28 14
0.28 15
0.28 16
0.28 17
0.28 18
0.28 19
0.28 20
0.28 21
0.28 22
0.28 23
0.28 24
0.28 25
0.28 26
0.28 27
0.28 28
0.28 29
0.28 30
0.28 31
0.28 32
0.28 33
0.28 34
0.28 35
0.28 36
0.28 37
0.28 38
0.28 39
0.28 40
0.28 41
0.28 42
0.28 43
0.28 44
0.28 45
0.28 46
0.28 47
0.28 48
0.28 49
0.28 50
0.28 51
0.28 52
0.28 53
0.28 54
0.28 55
0.28 56
0.28 57
0.28 58
0.28 59
0.28 60
0.28 61
0.28 62
0.28 63
0.28 64
0.28 65
0.28 66
0.28 67
0.28 68
0.28 69
0.28 70
0.28 71
0.28 72
0.28 73
0.28 74
0.28 75
0.28 76
0.28 77
0.28 78
0.28 79
0.28 80
0.28 81
0.28 82
0.28 83
0.28 84
0.28 85
0.28 86
0.28 87
0.28 88
0.28 89
0.28 90
0.28 91
0.28 92
0.28 93
0.28 94
0.28 95
0.28 96
0.28 97
0.28 98
0.28 99
0.28 100
0.28 101
0.28 102
0.28 103
0.28 104
0.28 105
0.28 106
0.28 107
0.28 108
0.28 109
0.28 110
0.28 111
0.28 112
0.28 113
0.28 114
0.28 115
0.28 116
0.28 117
0.28 118
0.28 119
0.28 120
0.28 121
0.28 122
0.28 123
0.28 124
0.28 125
0.28 126
0.28 127
0.28 128
0.28 129
0.28 130
0.28 131
0.28 132
0.28 133
0.28 134
0.28 135
0.28 136
0.28 137
0.28 138
0.28 139
0.28 140
0.28 141
0.28 142
0.28 143
0.28 144
0.28 145
0.28 146
0.28 147
0.28 148
0.28 149
0.28 150
0.28 151
0.28 152
0.28 153
0.28 154
0.28 155
0.28 156
0.28 157
0.28 158
0.28 159
0.28 160
0.28 161
0.28 162
0.28 163
0.28 164
0.28 165
0.28 166
0.28 167
0.28 168
0.28 169
0.28 170
0.28 171
0.28 172
0.28 173
0.28 174
0.28 175
0.28 176
0.28 177
0.28 178
0.28 179
0.28 180
0.28 181
0.28 182
0.28 183
0.28 184
0.28 185
0.28 186
0.28 187
0.28 188
0.28 189
0.28 190
0.28 191
0.28 192
0.28 193
0.28 194
0.28 195
0.28 196
0.28 197
0.28 198
0.28 199
0.28 200
0.28 201
0.28 202
0.28 203
0.28 204
0.28 205
0.28 206
0.28 207
0.28 208
0.28 209
0.28 210
0.28 211
0.28 212
0.28 213
0.28 214
0.28 215
0.28 216
0.28 217
0.28 218
0.28 219
0.28 220
0.28 221
0.28 222
0.28 223
0.28 224
0.28 225
0.28 226
0.28 227
0.28 228
0.28 229
0.28 230
0.28 231
0.28 232
0.28 233
0.28 234
0.28 235
0.28 236
0.28 237
0.28 238
0.28 239
0.28 240
0.28 241
0.28 242
0.28 243
0.28 244
0.28 245
0.28 246
0.28 247
0.28 248
0.28 249
0.28 250
0.28 251
0.28 252
0.28 253
0.28 254
0.28 255
0.28 256
0.28 257
0.28 258
0.28 259
0.28 260
0.28 261
0.28 262
0.28 263
0.28 264
0.28 265
0.28 266
0.28 267
0.28 268
0.28 269
0.28 270
0.28 271
0.28 272
0.28 273
0.28 274
0.28 275
0.28 276
0.28 277
0.28 278
0.28 279
0.28 280
0.28 281
0.28 282
0.28 283
0.28 284
0.28 285
0.28 286
0.28 287
0.28 288
0.28 289
0.28 290
0.28 291
0.28 292
0.28 293
0.28 294
0.28 295
0.28 296
0.28 297
0.28 298
0.28 299
0.28 300
0.28 301
0.28 302
0.28 303
0.28 304
0.28 305
0.28 306
0.28 307
0.28 308
0.28 309
0.28 310
0.28 311
0.28 312
0.28 313
0.28 314
0.28 315
0.28 316
0.28 317
0.28 318
0.28 319
0.28 320
0.28 321
0.28 322
0.28 323
0.28 324
0.28 325
0.28 326
0.28 327
0.28 328
0.28 329
0.28 330
0.28 331
0.28 332
0.28 333
0.28 334
0.28 335
0.28 336
0.28 337
0.28 338
0.28 339
0.28 340
0.28 341
0.28 342
0.28 343
0.28 344
0.28 345
0.28 346
0.28 347
0.28 348
0.28 349
0.28 350
0.28 351
0.28 352
0.28 353
0.28 354
0.28 355
0.28 356
0.28 357
0.28 358
0.28 359
0.28 360
0.28 361
0.28 362
0.28 363
0.28 364
0.28 365
0.28 366
0.28 367
0.28 368
0.28 369
0.28 370
0.28 371
0.28 372
0.28 373
0.28 374
0.28 375
0.28 376
0.28 377
0.28 378
0.28 379
0.28 380
0.28 381
0.28 382
0.28 383
0.28 384
0.28 385
0.28 386
0.28 387
0.28 388
0.28 389
0.28 390
0.28 391
0.28 392
0.28 393
0.28 394
0.28 395
0.28 396
0.28 397
0.28 398
0.28 399
0.28 400
0.28 401
0.28 402
0.28 403
0.28 404
0.28 405
0.28 406
0.28 407
0.28 408
0.28 409
0.28 410
0.28 411
0.28 412
0.28 413
0.28 414
0.28 415
0.28 416
0.28 417
0.28 418
0.28 419
0.28 420
0.28 421
0.28 422
0.28 423
0.28 424
0.28 425
0.28 426
0.28 427
0.28 428
0.28 429
0.28 430
0.28 431
0.28 432
0.28 433
0.28 434
0.28 435
0.28 436
0.28 437
0.28 438
0.28 439
0.28 440
0.28 441
0.28 442
0.28 443
0.28 444
0.28 445
0.28 446
0.28 447
0.28 448
0.28 449
0.28 450
0.28 451
0.28 452
0.28 453
0.28 454
0.28 455
0.28 456
0.28 457
0.28 458
0.28 459
0.28 460
0.28 461
0.28 462
0.28 463
0.28 464
0.28 465
0.28 466
0.28 467
0.28 468
0.28 469
0.28 470
0.28 471
0.28 472
0.28 473
0.28 474
0.28 475
0.28 476
0.28 477
0.28 478
0.28 479
0.28 480
0.28 481
0.28 482
0.28 483
0.28 484
0.28 485
0.28 486
0.28 487
0.28 488
0.28 489
0.28 490
0.28 491
0.28 492
0.28 493
0.28 494
0.28 495
0.28 496
0.28 497
0.28 498
0.28 499
0.28 500
0.32 1
0.32 2
0.32 3
0.32 4
0.32 5
0.32 6
0.32 7
0.32 8
0.32 9
0.32 10
0.32 11
0.32 12
0.32 13
0.32 14
0.32 15
0.32 16
0.32 17
0.32 18
0.32 19
0.32 20
0.32 21
0.32 22
0.32 23
0.32 24
0.32 25
0.32 26
0.32 27
0.32 28
0.32 29
0.32 30
0.32 31
0.32 32
0.32 33
0.32 34
0.32 35
0.32 36
0.32 37
0.32 38
0.32 39
0.32 40
0.32 41
0.32 42
0.32 43
0.32 44
0.32 45
0.32 46
0.32 47
0.32 48
0.32 49
0.32 50
0.32 51
0.32 52
0.32 53
0.32 54
0.32 55
0.32 56
0.32 57
0.32 58
0.32 59
0.32 60
0.32 61
0.32 62
0.32 63
0.32 64
0.32 65
0.32 66
0.32 67
0.32 68
0.32 69
0.32 70
0.32 71
0.32 72
0.32 73
0.32 74
0.32 75
0.32 76
0.32 77
0.32 78
0.32 79
0.32 80
0.32 81
0.32 82
0.32 83
0.32 84
0.32 85
0.32 86
0.32 87
0.32 88
0.32 89
0.32 90
0.32 91
0.32 92
0.32 93
0.32 94
0.32 95
0.32 96
0.32 97
0.32 98
0.32 99
0.32 100
0.32 101
0.32 102
0.32 103
0.32 104
0.32 105
0.32 106
0.32 107
0.32 108
0.32 109
0.32 110
0.32 111
0.32 112
0.32 113
0.32 114
0.32 115
0.32 116
0.32 117
0.32 118
0.32 119
0.32 120
0.32 121
0.32 122
0.32 123
0.32 124
0.32 125
0.32 126
0.32 127
0.32 128
0.32 129
0.32 130
0.32 131
0.32 132
0.32 133
0.32 134
0.32 135
0.32 136
0.32 137
0.32 138
0.32 139
0.32 140
0.32 141
0.32 142
0.32 143
0.32 144
0.32 145
0.32 146
0.32 147
0.32 148
0.32 149
0.32 150
0.32 151
0.32 152
0.32 153
0.32 154
0.32 155
0.32 156
0.32 157
0.32 158
0.32 159
0.32 160
0.32 161
0.32 162
0.32 163
0.32 164
0.32 165
0.32 166
0.32 167
0.32 168
0.32 169
0.32 170
0.32 171
0.32 172
0.32 173
0.32 174
0.32 175
0.32 176
0.32 177
0.32 178
0.32 179
0.32 180
0.32 181
0.32 182
0.32 183
0.32 184
0.32 185
0.32 186
0.32 187
0.32 188
0.32 189
0.32 190
0.32 191
0.32 192
0.32 193
0.32 194
0.32 195
0.32 196
0.32 197
0.32 198
0.32 199
0.32 200
0.32 201
0.32 202
0.32 203
0.32 204
0.32 205
0.32 206
0.32 207
0.32 208
0.32 209
0.32 210
0.32 211
0.32 212
0.32 213
0.32 214
0.32 215
0.32 216
0.32 217
0.32 218
0.32 219
0.32 220
0.32 221
0.32 222
0.32 223
0.32 224
0.32 225
0.32 226
0.32 227
0.32 228
0.32 229
0.32 230
0.32 231
0.32 232
0.32 233
0.32 234
0.32 235
0.32 236
0.32 237
0.32 238
0.32 239
0.32 240
0.32 241
0.32 242
0.32 243
0.32 244
0.32 245
0.32 246
0.32 247
0.32 248
0.32 249
0.32 250
0.32 251
0.32 252
0.32 253
0.32 254
0.32 255
0.32 256
0.32 257
0.32 258
0.32 259
0.32 260
0.32 261
0.32 262
0.32 263
0.32 264
0.32 265
0.32 266
0.32 267
0.32 268
0.32 269
0.32 270
0.32 271
0.32 272
0.32 273
0.32 274
0.32 275
0.32 276
0.32 277
0.32 278
0.32 279
0.32 280
0.32 281
0.32 282
0.32 283
0.32 284
0.32 285
0.32 286
0.32 287
0.32 288
0.32 289
0.32 290
0.32 291
0.32 292
0.32 293
0.32 294
0.32 295
0.32 296
0.32 297
0.32 298
0.32 299
0.32 300
0.32 301
0.32 302
0.32 303
0.32 304
0.32 305
0.32 306
0.32 307
0.32 308
0.32 309
0.32 310
0.32 311
0.32 312
0.32 313
0.32 314
0.32 315
0.32 316
0.32 317
0.32 318
0.32 319
0.32 320
0.32 321
0.32 322
0.32 323
0.32 324
0.32 325
0.32 326
0.32 327
0.32 328
0.32 329
0.32 330
0.32 331
0.32 332
0.32 333
0.32 334
0.32 335
0.32 336
0.32 337
0.32 338
0.32 339
0.32 340
0.32 341
0.32 342
0.32 343
0.32 344
0.32 345
0.32 346
0.32 347
0.32 348
0.32 349
0.32 350
0.32 351
0.32 352
0.32 353
0.32 354
0.32 355
0.32 356
0.32 357
0.32 358
0.32 359
0.32 360
0.32 361
0.32 362
0.32 363
0.32 364
0.32 365
0.32 366
0.32 367
0.32 368
0.32 369
0.32 370
0.32 371
0.32 372
0.32 373
0.32 374
0.32 375
0.32 376
0.32 377
0.32 378
0.32 379
0.32 380
0.32 381
0.32 382
0.32 383
0.32 384
0.32 385
0.32 386
0.32 387
0.32 388
0.32 389
0.32 390
0.32 391
0.32 392
0.32 393
0.32 394
0.32 395
0.32 396
0.32 397
0.32 398
0.32 399
0.32 400
0.32 401
0.32 402
0.32 403
0.32 404
0.32 405
0.32 406
0.32 407
0.32 408
0.32 409
0.32 410
0.32 411
0.32 412
0.32 413
0.32 414
0.32 415
0.32 416
0.32 417
0.32 418
0.32 419
0.32 420
0.32 421
0.32 422
0.32 423
0.32 424
0.32 425
0.32 426
0.32 427
0.32 428
0.32 429
0.32 430
0.32 431
0.32 432
0.32 433
0.32 434
0.32 435
0.32 436
0.32 437
0.32 438
0.32 439
0.32 440
0.32 441
0.32 442
0.32 443
0.32 444
0.32 445
0.32 446
0.32 447
0.32 448
0.32 449
0.32 450
0.32 451
0.32 452
0.32 453
0.32 454
0.32 455
0.32 456
0.32 457
0.32 458
0.32 459
0.32 460
0.32 461
0.32 462
0.32 463
0.32 464
0.32 465
0.32 466
0.32 467
0.32 468
0.32 469
0.32 470
0.32 471
0.32 472
0.32 473
0.32 474
0.32 475
0.32 476
0.32 477
0.32 478
0.32 479
0.32 480
0.32 481
0.32 482
0.32 483
0.32 484
0.32 485
0.32 486
0.32 487
0.32 488
0.32 489
0.32 490
0.32 491
0.32 492
0.32 493
0.32 494
0.32 495
0.32 496
0.32 497
0.32 498
0.32 499
0.32 500
0.36 1
0.36 2
0.36 3
0.36 4
0.36 5
0.36 6
0.36 7
0.36 8
0.36 9
0.36 10
0.36 11
0.36 12
0.36 13
0.36 14
0.36 15
0.36 16
0.36 17
0.36 18
0.36 19
0.36 20
0.36 21
0.36 22
0.36 23
0.36 24
0.36 25
0.36 26
0.36 27
0.36 28
0.36 29
0.36 30
0.36 31
0.36 32
0.36 33
0.36 34
0.36 35
0.36 36
0.36 37
0.36 38
0.36 39
0.36 40
0.36 41
0.36 42
0.36 43
0.36 44
0.36 45
0.36 46
0.36 47
0.36 48
0.36 49
0.36 50
0.36 51
0.36 52
0.36 53
0.36 54
0.36 55
0.36 56
0.36 57
0.36 58
0.36 59
0.36 60
0.36 61
0.36 62
0.36 63
0.36 64
0.36 65
0.36 66
0.36 67
0.36 68
0.36 69
0.36 70
0.36 71
0.36 72
0.36 73
0.36 74
0.36 75
0.36 76
0.36 77
0.36 78
0.36 79
0.36 80
0.36 81
0.36 82
0.36 83
0.36 84
0.36 85
0.36 86
0.36 87
0.36 88
0.36 89
0.36 90
0.36 91
0.36 92
0.36 93
0.36 94
0.36 95
0.36 96
0.36 97
0.36 98
0.36 99
0.36 100
0.36 101
0.36 102
0.36 103
0.36 104
0.36 105
0.36 106
0.36 107
0.36 108
0.36 109
0.36 110
0.36 111
0.36 112
0.36 113
0.36 114
0.36 115
0.36 116
0.36 117
0.36 118
0.36 119
0.36 120
0.36 121
0.36 122
0.36 123
0.36 124
0.36 125
0.36 126
0.36 127
0.36 128
0.36 129
0.36 130
0.36 131
0.36 132
0.36 133
0.36 134
0.36 135
0.36 136
0.36 137
0.36 138
0.36 139
0.36 140
0.36 141
0.36 142
0.36 143
0.36 144
0.36 145
0.36 146
0.36 147
0.36 148
0.36 149
0.36 150
0.36 151
0.36 152
0.36 153
0.36 154
0.36 155
0.36 156
0.36 157
0.36 158
0.36 159
0.36 160
0.36 161
0.36 162
0.36 163
0.36 164
0.36 165
0.36 166
0.36 167
0.36 168
0.36 169
0.36 170
0.36 171
0.36 172
0.36 173
0.36 174
0.36 175
0.36 176
0.36 177
0.36 178
0.36 179
0.36 180
0.36 181
0.36 182
0.36 183
0.36 184
0.36 185
0.36 186
0.36 187
0.36 188
0.36 189
0.36 190
0.36 191
0.36 192
0.36 193
0.36 194
0.36 195
0.36 196
0.36 197
0.36 198
0.36 199
0.36 200
0.36 201
0.36 202
0.36 203
0.36 204
0.36 205
0.36 206
0.36 207
0.36 208
0.36 209
0.36 210
0.36 211
0.36 212
0.36 213
0.36 214
0.36 215
0.36 216
0.36 217
0.36 218
0.36 219
0.36 220
0.36 221
0.36 222
0.36 223
0.36 224
0.36 225
0.36 226
0.36 227
0.36 228
0.36 229
0.36 230
0.36 231
0.36 232
0.36 233
0.36 234
0.36 235
0.36 236
0.36 237
0.36 238
0.36 239
0.36 240
0.36 241
0.36 242
0.36 243
0.36 244
0.36 245
0.36 246
0.36 247
0.36 248
0.36 249
0.36 250
0.36 251
0.36 252
0.36 253
0.36 254
0.36 255
0.36 256
0.36 257
0.36 258
0.36 259
0.36 260
0.36 261
0.36 262
0.36 263
0.36 264
0.36 265
0.36 266
0.36 267
0.36 268
0.36 269
0.36 270
0.36 271
0.36 272
0.36 273
0.36 274
0.36 275
0.36 276
0.36 277
0.36 278
0.36 279
0.36 280
0.36 281
0.36 282
0.36 283
0.36 284
0.36 285
0.36 286
0.36 287
0.36 288
0.36 289
0.36 290
0.36 291
0.36 292
0.36 293
0.36 294
0.36 295
0.36 296
0.36 297
0.36 298
0.36 299
0.36 300
0.36 301
0.36 302
0.36 303
0.36 304
0.36 305
0.36 306
0.36 307
0.36 308
0.36 309
0.36 310
0.36 311
0.36 312
0.36 313
0.36 314
0.36 315
0.36 316
0.36 317
0.36 318
0.36 319
0.36 320
0.36 321
0.36 322
0.36 323
0.36 324
0.36 325
0.36 326
0.36 327
0.36 328
0.36 329
0.36 330
0.36 331
0.36 332
0.36 333
0.36 334
0.36 335
0.36 336
0.36 337
0.36 338
0.36 339
0.36 340
0.36 341
0.36 342
0.36 343
0.36 344
0.36 345
0.36 346
0.36 347
0.36 348
0.36 349
0.36 350
0.36 351
0.36 352
0.36 353
0.36 354
0.36 355
0.36 356
0.36 357
0.36 358
0.36 359
0.36 360
0.36 361
0.36 362
0.36 363
0.36 364
0.36 365
0.36 366
0.36 367
0.36 368
0.36 369
0.36 370
0.36 371
0.36 372
0.36 373
0.36 374
0.36 375
0.36 376
0.36 377
0.36 378
0.36 379
0.36 380
0.36 381
0.36 382
0.36 383
0.36 384
0.36 385
0.36 386
0.36 387
0.36 388
0.36 389
0.36 390
0.36 391
0.36 392
0.36 393
0.36 394
0.36 395
0.36 396
0.36 397
0.36 398
0.36 399
0.36 400
0.36 401
0.36 402
0.36 403
0.36 404
0.36 405
0.36 406
0.36 407
0.36 408
0.36 409
0.36 410
0.36 411
0.36 412
0.36 413
0.36 414
0.36 415
0.36 416
0.36 417
0.36 418
0.36 419
0.36 420
0.36 421
0.36 422
0.36 423
0.36 424
0.36 425
0.36 426
0.36 427
0.36 428
0.36 429
0.36 430
0.36 431
0.36 432
0.36 433
0.36 434
0.36 435
0.36 436
0.36 437
0.36 438
0.36 439
0.36 440
0.36 441
0.36 442
0.36 443
0.36 444
0.36 445
0.36 446
0.36 447
0.36 448
0.36 449
0.36 450
0.36 451
0.36 452
0.36 453
0.36 454
0.36 455
0.36 456
0.36 457
0.36 458
0.36 459
0.36 460
0.36 461
0.36 462
0.36 463
0.36 464
0.36 465
0.36 466
0.36 467
0.36 468
0.36 469
0.36 470
0.36 471
0.36 472
0.36 473
0.36 474
0.36 475
0.36 476
0.36 477
0.36 478
0.36 479
0.36 480
0.36 481
0.36 482
0.36 483
0.36 484
0.36 485
0.36 486
0.36 487
0.36 488
0.36 489
0.36 490
0.36 491
0.36 492
0.36 493
0.36 494
0.36 495
0.36 496
0.36 497
0.36 498
0.36 499
0.36 500
0.40 1
0.40 2
0.40 3
0.40 4
0.40 5
0.40 6
0.40 7
0.40 8
0.40 9
0.40 10
0.40 11
0.40 12
0.40 13
0.40 14
0.40 15
0.40 16
0.40 17
0.40 18
0.40 19
0.40 20
0.40 21
0.40 22
0.40 23
0.40 24
0.40 25
0.40 26
0.40 27
0.40 28
0.40 29
0.40 30
0.40 31
0.40 32
0.40 33
0.40 34
0.40 35
0.40 36
0.40 37
0.40 38
0.40 39
0.40 40
0.40 41
0.40 42
0.40 43
0.40 44
0.40 45
0.40 46
0.40 47
0.40 48
0.40 49
0.40 50
0.40 51
0.40 52
0.40 53
0.40 54
0.40 55
0.40 56
0.40 57
0.40 58
0.40 59
0.40 60
0.40 61
0.40 62
0.40 63
0.40 64
0.40 65
0.40 66
0.40 67
0.40 68
0.40 69
0.40 70
0.40 71
0.40 72
0.40 73
0.40 74
0.40 75
0.40 76
0.40 77
0.40 78
0.40 79
0.40 80
0.40 81
0.40 82
0.40 83
0.40 84
0.40 85
0.40 86
0.40 87
0.40 88
0.40 89
0.40 90
0.40 91
0.40 92
0.40 93
0.40 94
0.40 95
0.40 96
0.40 97
0.40 98
0.40 99
0.40 100
0.40 101
0.40 102
0.40 103
0.40 104
0.40 105
0.40 106
0.40 107
0.40 108
0.40 109
0.40 110
0.40 111
0.40 112
0.40 113
0.40 114
0.40 115
0.40 116
0.40 117
0.40 118
0.40 119
0.40 120
0.40 121
0.40 122
0.40 123
0.40 124
0.40 125
0.40 126
0.40 127
0.40 128
0.40 129
0.40 130
0.40 131
0.40 132
0.40 133
0.40 134
0.40 135
0.40 136
0.40 137
0.40 138
0.40 139
0.40 140
0.40 141
0.40 142
0.40 143
0.40 144
0.40 145
0.40 146
0.40 147
0.40 148
0.40 149
0.40 150
0.40 151
0.40 152
0.40 153
0.40 154
0.40 155
0.40 156
0.40 157
0.40 158
0.40 159
0.40 160
0.40 161
0.40 162
0.40 163
0.40 164
0.40 165
0.40 166
0.40 167
0.40 168
0.40 169
0.40 170
0.40 171
0.40 172
0.40 173
0.40 174
0.40 175
0.40 176
0.40 177
0.40 178
0.40 179
0.40 180
0.40 181
0.40 182
0.40 183
0.40 184
0.40 185
0.40 186
0.40 187
0.40 188
0.40 189
0.40 190
0.40 191
0.40 192
0.40 193
0.40 194
0.40 195
0.40 196
0.40 197
0.40 198
0.40 199
0.40 200
0.40 201
0.40 202
0.40 203
0.40 204
0.40 205
0.40 206
0.40 207
0.40 208
0.40 209
0.40 210
0.40 211
0.40 212
0.40 213
0.40 214
0.40 215
0.40 216
0.40 217
0.40 218
0.40 219
0.40 220
0.40 221
0.40 222
0.40 223
0.40 224
0.40 225
0.40 226
0.40 227
0.40 228
0.40 229
0.40 230
0.40 231
0.40 232
0.40 233
0.40 234
0.40 235
0.40 236
0.40 237
0.40 238
0.40 239
0.40 240
0.40 241
0.40 242
0.40 243
0.40 244
0.40 245
0.40 246
0.40 247
0.40 248
0.40 249
0.40 250
0.40 251
0.40 252
0.40 253
0.40 254
0.40 255
0.40 256
0.40 257
0.40 258
0.40 259
0.40 260
0.40 261
0.40 262
0.40 263
0.40 264
0.40 265
0.40 266
0.40 267
0.40 268
0.40 269
0.40 270
0.40 271
0.40 272
0.40 273
0.40 274
0.40 275
0.40 276
0.40 277
0.40 278
0.40 279
0.40 280
0.40 281
0.40 282
0.40 283
0.40 284
0.40 285
0.40 286
0.40 287
0.40 288
0.40 289
0.40 290
0.40 291
0.40 292
0.40 293
0.40 294
0.40 295
0.40 296
0.40 297
0.40 298
0.40 299
0.40 300
0.40 301
0.40 302
0.40 303
0.40 304
0.40 305
0.40 306
0.40 307
0.40 308
0.40 309
0.40 310
0.40 311
0.40 312
0.40 313
0.40 314
0.40 315
0.40 316
0.40 317
0.40 318
0.40 319
0.40 320
0.40 321
0.40 322
0.40 323
0.40 324
0.40 325
0.40 326
0.40 327
0.40 328
0.40 329
0.40 330
0.40 331
0.40 332
0.40 333
0.40 334
0.40 335
0.40 336
0.40 337
0.40 338
0.40 339
0.40 340
0.40 341
0.40 342
0.40 343
0.40 344
0.40 345
0.40 346
0.40 347
0.40 348
0.40 349
0.40 350
0.40 351
0.40 352
0.40 353
0.40 354
0.40 355
0.40 356
0.40 357
0.40 358
0.40 359
0.40 360
0.40 361
0.40 362
0.40 363
0.40 364
0.40 365
0.40 366
0.40 367
0.40 368
0.40 369
0.40 370
0.40 371
0.40 372
0.40 373
0.40 374
0.40 375
0.40 376
0.40 377
0.40 378
0.40 379
0.40 380
0.40 381
0.40 382
0.40 383
0.40 384
0.40 385
0.40 386
0.40 387
0.40 388
0.40 389
0.40 390
0.40 391
0.40 392
0.40 393
0.40 394
0.40 395
0.40 396
0.40 397
0.40 398
0.40 399
0.40 400
0.40 401
0.40 402
0.40 403
0.40 404
0.40 405
0.40 406
0.40 407
0.40 408
0.40 409
0.40 410
0.40 411
0.40 412
0.40 413
0.40 414
0.40 415
0.40 416
0.40 417
0.40 418
0.40 419
0.40 420
0.40 421
0.40 422
0.40 423
0.40 424
0.40 425
0.40 426
0.40 427
0.40 428
0.40 429
0.40 430
0.40 431
0.40 432
0.40 433
0.40 434
0.40 435
0.40 436
0.40 437
0.40 438
0.40 439
0.40 440
0.40 441
0.40 442
0.40 443
0.40 444
0.40 445
0.40 446
0.40 447
0.40 448
0.40 449
0.40 450
0.40 451
0.40 452
0.40 453
0.40 454
0.40 455
0.40 456
0.40 457
0.40 458
0.40 459
0.40 460
0.40 461
0.40 462
0.40 463
0.40 464
0.40 465
0.40 466
0.40 467
0.40 468
0.40 469
0.40 470
0.40 471
0.40 472
0.40 473
0.40 474
0.40 475
0.40 476
0.40 477
0.40 478
0.40 479
0.40 480
0.40 481
0.40 482
0.40 483
0.40 484
0.40 485
0.40 486
0.40 487
0.40 488
0.40 489
0.40 490
0.40 491
0.40 492
0.40 493
0.40 494
0.40 495
0.40 496
0.40 497
0.40 498
0.40 499
0.40 500
