0.0 1
0.0 2
0.0 3
0.0 4
0.0 5
0.0 6
0.0 7
0.0 8
0.0 9
0.0 10
0.0 11
0.0 12
0.0 13
0.0 14
0.0 15
0.0 16
0.0 17
0.0 18
0.0 19
0.0 20
0.0 21
0.0 22
0.0 23
0.0 24
0.0 25
0.0 26
0.0 27
0.0 28
0.0 29
0.0 30
0.0 31
0.0 32
0.0 33
0.0 34
0.0 35
0.0 36
0.0 37
0.0 38
0.0 39
0.0 40
0.0 41
0.0 42
0.0 43
0.0 44
0.0 45
0.0 46
0.0 47
0.0 48
0.0 49
0.0 50
0.0 51
0.0 52
0.0 53
0.0 54
0.0 55
0.0 56
0.0 57
0.0 58
0.0 59
0.0 60
0.0 61
0.0 62
0.0 63
0.0 64
0.0 65
0.0 66
0.0 67
0.0 68
0.0 69
0.0 70
0.0 71
0.0 72
0.0 73
0.0 74
0.0 75
0.0 76
0.0 77
0.0 78
0.0 79
0.0 80
0.0 81
0.0 82
0.0 83
0.0 84
0.0 85
0.0 86
0.0 87
0.0 88
0.0 89
0.0 90
0.0 91
0.0 92
0.0 93
0.0 94
0.0 95
0.0 96
0.0 97
0.0 98
0.0 99
0.0 100
0.0 101
0.0 102
0.0 103
0.0 104
0.0 105
0.0 106
0.0 107
0.0 108
0.0 109
0.0 110
0.0 111
0.0 112
0.0 113
0.0 114
0.0 115
0.0 116
0.0 117
0.0 118
0.0 119
0.0 120
0.0 121
0.0 122
0.0 123
0.0 124
0.0 125
0.0 126
0.0 127
0.0 128
0.0 129
0.0 130
0.0 131
0.0 132
0.0 133
0.0 134
0.0 135
0.0 136
0.0 137
0.0 138
0.0 139
0.0 140
0.0 141
0.0 142
0.0 143
0.0 144
0.0 145
0.0 146
0.0 147
0.0 148
0.0 149
0.0 150
0.0 151
0.0 152
0.0 153
0.0 154
0.0 155
0.0 156
0.0 157
0.0 158
0.0 159
0.0 160
0.0 161
0.0 162
0.0 163
0.0 164
0.0 165
0.0 166
0.0 167
0.0 168
0.0 169
0.0 170
0.0 171
0.0 172
0.0 173
0.0 174
0.0 175
0.0 176
0.0 177
0.0 178
0.0 179
0.0 180
0.0 181
0.0 182
0.0 183
0.0 184
0.0 185
0.0 186
0.0 187
0.0 188
0.0 189
0.0 190
0.0 191
0.0 192
0.0 193
0.0 194
0.0 195
0.0 196
0.0 197
0.0 198
0.0 199
0.0 200
0.0 201
0.0 202
0.0 203
0.0 204
0.0 205
0.0 206
0.0 207
0.0 208
0.0 209
0.0 210
0.0 211
0.0 212
0.0 213
0.0 214
0.0 215
0.0 216
0.0 217
0.0 218
0.0 219
0.0 220
0.0 221
0.0 222
0.0 223
0.0 224
0.0 225
0.0 226
0.0 227
0.0 228
0.0 229
0.0 230
0.0 231
0.0 232
0.0 233
0.0 234
0.0 235
0.0 236
0.0 237
0.0 238
0.0 239
0.0 240
0.0 241
0.0 242
0.0 243
0.0 244
0.0 245
0.0 246
0.0 247
0.0 248
0.0 249
0.0 250
0.0 251
0.0 252
0.0 253
0.0 254
0.0 255
0.0 256
0.0 257
0.0 258
0.0 259
0.0 260
0.0 261
0.0 262
0.0 263
0.0 264
0.0 265
0.0 266
0.0 267
0.0 268
0.0 269
0.0 270
0.0 271
0.0 272
0.0 273
0.0 274
0.0 275
0.0 276
0.0 277
0.0 278
0.0 279
0.0 280
0.0 281
0.0 282
0.0 283
0.0 284
0.0 285
0.0 286
0.0 287
0.0 288
0.0 289
0.0 290
0.0 291
0.0 292
0.0 293
0.0 294
0.0 295
0.0 296
0.0 297
0.0 298
0.0 299
0.0 300
0.0 301
0.0 302
0.0 303
0.0 304
0.0 305
0.0 306
0.0 307
0.0 308
0.0 309
0.0 310
0.0 311
0.0 312
0.0 313
0.0 314
0.0 315
0.0 316
0.0 317
0.0 318
0.0 319
0.0 320
0.0 321
0.0 322
0.0 323
0.0 324
0.0 325
0.0 326
0.0 327
0.0 328
0.0 329
0.0 330
0.0 331
0.0 332
0.0 333
0.0 334
0.0 335
0.0 336
0.0 337
0.0 338
0.0 339
0.0 340
0.0 341
0.0 342
0.0 343
0.0 344
0.0 345
0.0 346
0.0 347
0.0 348
0.0 349
0.0 350
0.0 351
0.0 352
0.0 353
0.0 354
0.0 355
0.0 356
0.0 357
0.0 358
0.0 359
0.0 360
0.0 361
0.0 362
0.0 363
0.0 364
0.0 365
0.0 366
0.0 367
0.0 368
0.0 369
0.0 370
0.0 371
0.0 372
0.0 373
0.0 374
0.0 375
0.0 376
0.0 377
0.0 378
0.0 379
0.0 380
0.0 381
0.0 382
0.0 383
0.0 384
0.0 385
0.0 386
0.0 387
0.0 388
0.0 389
0.0 390
0.0 391
0.0 392
0.0 393
0.0 394
0.0 395
0.0 396
0.0 397
0.0 398
0.0 399
0.0 400
0.0 401
0.0 402
0.0 403
0.0 404
0.0 405
0.0 406
0.0 407
0.0 408
0.0 409
0.0 410
0.0 411
0.0 412
0.0 413
0.0 414
0.0 415
0.0 416
0.0 417
0.0 418
0.0 419
0.0 420
0.0 421
0.0 422
0.0 423
0.0 424
0.0 425
0.0 426
0.0 427
0.0 428
0.0 429
0.0 430
0.0 431
0.0 432
0.0 433
0.0 434
0.0 435
0.0 436
0.0 437
0.0 438
0.0 439
0.0 440
0.0 441
0.0 442
0.0 443
0.0 444
0.0 445
0.0 446
0.0 447
0.0 448
0.0 449
0.0 450
0.0 451
0.0 452
0.0 453
0.0 454
0.0 455
0.0 456
0.0 457
0.0 458
0.0 459
0.0 460
0.0 461
0.0 462
0.0 463
0.0 464
0.0 465
0.0 466
0.0 467
0.0 468
0.0 469
0.0 470
0.0 471
0.0 472
0.0 473
0.0 474
0.0 475
0.0 476
0.0 477
0.0 478
0.0 479
0.0 480
0.0 481
0.0 482
0.0 483
0.0 484
0.0 485
0.0 486
0.0 487
0.0 488
0.0 489
0.0 490
0.0 491
0.0 492
0.0 493
0.0 494
0.0 495
0.0 496
0.0 497
0.0 498
0.0 499
0.0 500
0.1 1
0.1 2
0.1 3
0.1 4
0.1 5
0.1 6
0.1 7
0.1 8
0.1 9
0.1 10
0.1 11
0.1 12
0.1 13
0.1 14
0.1 15
0.1 16
0.1 17
0.1 18
0.1 19
0.1 20
0.1 21
0.1 22
0.1 23
0.1 24
0.1 25
0.1 26
0.1 27
0.1 28
0.1 29
0.1 30
0.1 31
0.1 32
0.1 33
0.1 34
0.1 35
0.1 36
0.1 37
0.1 38
0.1 39
0.1 40
0.1 41
0.1 42
0.1 43
0.1 44
0.1 45
0.1 46
0.1 47
0.1 48
0.1 49
0.1 50
0.1 51
0.1 52
0.1 53
0.1 54
0.1 55
0.1 56
0.1 57
0.1 58
0.1 59
0.1 60
0.1 61
0.1 62
0.1 63
0.1 64
0.1 65
0.1 66
0.1 67
0.1 68
0.1 69
0.1 70
0.1 71
0.1 72
0.1 73
0.1 74
0.1 75
0.1 76
0.1 77
0.1 78
0.1 79
0.1 80
0.1 81
0.1 82
0.1 83
0.1 84
0.1 85
0.1 86
0.1 87
0.1 88
0.1 89
0.1 90
0.1 91
0.1 92
0.1 93
0.1 94
0.1 95
0.1 96
0.1 97
0.1 98
0.1 99
0.1 100
0.1 101
0.1 102
0.1 103
0.1 104
0.1 105
0.1 106
0.1 107
0.1 108
0.1 109
0.1 110
0.1 111
0.1 112
0.1 113
0.1 114
0.1 115
0.1 116
0.1 117
0.1 118
0.1 119
0.1 120
0.1 121
0.1 122
0.1 123
0.1 124
0.1 125
0.1 126
0.1 127
0.1 128
0.1 129
0.1 130
0.1 131
0.1 132
0.1 133
0.1 134
0.1 135
0.1 136
0.1 137
0.1 138
0.1 139
0.1 140
0.1 141
0.1 142
0.1 143
0.1 144
0.1 145
0.1 146
0.1 147
0.1 148
0.1 149
0.1 150
0.1 151
0.1 152
0.1 153
0.1 154
0.1 155
0.1 156
0.1 157
0.1 158
0.1 159
0.1 160
0.1 161
0.1 162
0.1 163
0.1 164
0.1 165
0.1 166
0.1 167
0.1 168
0.1 169
0.1 170
0.1 171
0.1 172
0.1 173
0.1 174
0.1 175
0.1 176
0.1 177
0.1 178
0.1 179
0.1 180
0.1 181
0.1 182
0.1 183
0.1 184
0.1 185
0.1 186
0.1 187
0.1 188
0.1 189
0.1 190
0.1 191
0.1 192
0.1 193
0.1 194
0.1 195
0.1 196
0.1 197
0.1 198
0.1 199
0.1 200
0.1 201
0.1 202
0.1 203
0.1 204
0.1 205
0.1 206
0.1 207
0.1 208
0.1 209
0.1 210
0.1 211
0.1 212
0.1 213
0.1 214
0.1 215
0.1 216
0.1 217
0.1 218
0.1 219
0.1 220
0.1 221
0.1 222
0.1 223
0.1 224
0.1 225
0.1 226
0.1 227
0.1 228
0.1 229
0.1 230
0.1 231
0.1 232
0.1 233
0.1 234
0.1 235
0.1 236
0.1 237
0.1 238
0.1 239
0.1 240
0.1 241
0.1 242
0.1 243
0.1 244
0.1 245
0.1 246
0.1 247
0.1 248
0.1 249
0.1 250
0.1 251
0.1 252
0.1 253
0.1 254
0.1 255
0.1 256
0.1 257
0.1 258
0.1 259
0.1 260
0.1 261
0.1 262
0.1 263
0.1 264
0.1 265
0.1 266
0.1 267
0.1 268
0.1 269
0.1 270
0.1 271
0.1 272
0.1 273
0.1 274
0.1 275
0.1 276
0.1 277
0.1 278
0.1 279
0.1 280
0.1 281
0.1 282
0.1 283
0.1 284
0.1 285
0.1 286
0.1 287
0.1 288
0.1 289
0.1 290
0.1 291
0.1 292
0.1 293
0.1 294
0.1 295
0.1 296
0.1 297
0.1 298
0.1 299
0.1 300
0.1 301
0.1 302
0.1 303
0.1 304
0.1 305
0.1 306
0.1 307
0.1 308
0.1 309
0.1 310
0.1 311
0.1 312
0.1 313
0.1 314
0.1 315
0.1 316
0.1 317
0.1 318
0.1 319
0.1 320
0.1 321
0.1 322
0.1 323
0.1 324
0.1 325
0.1 326
0.1 327
0.1 328
0.1 329
0.1 330
0.1 331
0.1 332
0.1 333
0.1 334
0.1 335
0.1 336
0.1 337
0.1 338
0.1 339
0.1 340
0.1 341
0.1 342
0.1 343
0.1 344
0.1 345
0.1 346
0.1 347
0.1 348
0.1 349
0.1 350
0.1 351
0.1 352
0.1 353
0.1 354
0.1 355
0.1 356
0.1 357
0.1 358
0.1 359
0.1 360
0.1 361
0.1 362
0.1 363
0.1 364
0.1 365
0.1 366
0.1 367
0.1 368
0.1 369
0.1 370
0.1 371
0.1 372
0.1 373
0.1 374
0.1 375
0.1 376
0.1 377
0.1 378
0.1 379
0.1 380
0.1 381
0.1 382
0.1 383
0.1 384
0.1 385
0.1 386
0.1 387
0.1 388
0.1 389
0.1 390
0.1 391
0.1 392
0.1 393
0.1 394
0.1 395
0.1 396
0.1 397
0.1 398
0.1 399
0.1 400
0.1 401
0.1 402
0.1 403
0.1 404
0.1 405
0.1 406
0.1 407
0.1 408
0.1 409
0.1 410
0.1 411
0.1 412
0.1 413
0.1 414
0.1 415
0.1 416
0.1 417
0.1 418
0.1 419
0.1 420
0.1 421
0.1 422
0.1 423
0.1 424
0.1 425
0.1 426
0.1 427
0.1 428
0.1 429
0.1 430
0.1 431
0.1 432
0.1 433
0.1 434
0.1 435
0.1 436
0.1 437
0.1 438
0.1 439
0.1 440
0.1 441
0.1 442
0.1 443
0.1 444
0.1 445
0.1 446
0.1 447
0.1 448
0.1 449
0.1 450
0.1 451
0.1 452
0.1 453
0.1 454
0.1 455
0.1 456
0.1 457
0.1 458
0.1 459
0.1 460
0.1 461
0.1 462
0.1 463
0.1 464
0.1 465
0.1 466
0.1 467
0.1 468
0.1 469
0.1 470
0.1 471
0.1 472
0.1 473
0.1 474
0.1 475
0.1 476
0.1 477
0.1 478
0.1 479
0.1 480
0.1 481
0.1 482
0.1 483
0.1 484
0.1 485
0.1 486
0.1 487
0.1 488
0.1 489
0.1 490
0.1 491
0.1 492
0.1 493
0.1 494
0.1 495
0.1 496
0.1 497
0.1 498
0.1 499
0.1 500
0.2 1
0.2 2
0.2 3
0.2 4
0.2 5
0.2 6
0.2 7
0.2 8
0.2 9
0.2 10
0.2 11
0.2 12
0.2 13
0.2 14
0.2 15
0.2 16
0.2 17
0.2 18
0.2 19
0.2 20
0.2 21
0.2 22
0.2 23
0.2 24
0.2 25
0.2 26
0.2 27
0.2 28
0.2 29
0.2 30
0.2 31
0.2 32
0.2 33
0.2 34
0.2 35
0.2 36
0.2 37
0.2 38
0.2 39
0.2 40
0.2 41
0.2 42
0.2 43
0.2 44
0.2 45
0.2 46
0.2 47
0.2 48
0.2 49
0.2 50
0.2 51
0.2 52
0.2 53
0.2 54
0.2 55
0.2 56
0.2 57
0.2 58
0.2 59
0.2 60
0.2 61
0.2 62
0.2 63
0.2 64
0.2 65
0.2 66
0.2 67
0.2 68
0.2 69
0.2 70
0.2 71
0.2 72
0.2 73
0.2 74
0.2 75
0.2 76
0.2 77
0.2 78
0.2 79
0.2 80
0.2 81
0.2 82
0.2 83
0.2 84
0.2 85
0.2 86
0.2 87
0.2 88
0.2 89
0.2 90
0.2 91
0.2 92
0.2 93
0.2 94
0.2 95
0.2 96
0.2 97
0.2 98
0.2 99
0.2 100
0.2 101
0.2 102
0.2 103
0.2 104
0.2 105
0.2 106
0.2 107
0.2 108
0.2 109
0.2 110
0.2 111
0.2 112
0.2 113
0.2 114
0.2 115
0.2 116
0.2 117
0.2 118
0.2 119
0.2 120
0.2 121
0.2 122
0.2 123
0.2 124
0.2 125
0.2 126
0.2 127
0.2 128
0.2 129
0.2 130
0.2 131
0.2 132
0.2 133
0.2 134
0.2 135
0.2 136
0.2 137
0.2 138
0.2 139
0.2 140
0.2 141
0.2 142
0.2 143
0.2 144
0.2 145
0.2 146
0.2 147
0.2 148
0.2 149
0.2 150
0.2 151
0.2 152
0.2 153
0.2 154
0.2 155
0.2 156
0.2 157
0.2 158
0.2 159
0.2 160
0.2 161
0.2 162
0.2 163
0.2 164
0.2 165
0.2 166
0.2 167
0.2 168
0.2 169
0.2 170
0.2 171
0.2 172
0.2 173
0.2 174
0.2 175
0.2 176
0.2 177
0.2 178
0.2 179
0.2 180
0.2 181
0.2 182
0.2 183
0.2 184
0.2 185
0.2 186
0.2 187
0.2 188
0.2 189
0.2 190
0.2 191
0.2 192
0.2 193
0.2 194
0.2 195
0.2 196
0.2 197
0.2 198
0.2 199
0.2 200
0.2 201
0.2 202
0.2 203
0.2 204
0.2 205
0.2 206
0.2 207
0.2 208
0.2 209
0.2 210
0.2 211
0.2 212
0.2 213
0.2 214
0.2 215
0.2 216
0.2 217
0.2 218
0.2 219
0.2 220
0.2 221
0.2 222
0.2 223
0.2 224
0.2 225
0.2 226
0.2 227
0.2 228
0.2 229
0.2 230
0.2 231
0.2 232
0.2 233
0.2 234
0.2 235
0.2 236
0.2 237
0.2 238
0.2 239
0.2 240
0.2 241
0.2 242
0.2 243
0.2 244
0.2 245
0.2 246
0.2 247
0.2 248
0.2 249
0.2 250
0.2 251
0.2 252
0.2 253
0.2 254
0.2 255
0.2 256
0.2 257
0.2 258
0.2 259
0.2 260
0.2 261
0.2 262
0.2 263
0.2 264
0.2 265
0.2 266
0.2 267
0.2 268
0.2 269
0.2 270
0.2 271
0.2 272
0.2 273
0.2 274
0.2 275
0.2 276
0.2 277
0.2 278
0.2 279
0.2 280
0.2 281
0.2 282
0.2 283
0.2 284
0.2 285
0.2 286
0.2 287
0.2 288
0.2 289
0.2 290
0.2 291
0.2 292
0.2 293
0.2 294
0.2 295
0.2 296
0.2 297
0.2 298
0.2 299
0.2 300
0.2 301
0.2 302
0.2 303
0.2 304
0.2 305
0.2 306
0.2 307
0.2 308
0.2 309
0.2 310
0.2 311
0.2 312
0.2 313
0.2 314
0.2 315
0.2 316
0.2 317
0.2 318
0.2 319
0.2 320
0.2 321
0.2 322
0.2 323
0.2 324
0.2 325
0.2 326
0.2 327
0.2 328
0.2 329
0.2 330
0.2 331
0.2 332
0.2 333
0.2 334
0.2 335
0.2 336
0.2 337
0.2 338
0.2 339
0.2 340
0.2 341
0.2 342
0.2 343
0.2 344
0.2 345
0.2 346
0.2 347
0.2 348
0.2 349
0.2 350
0.2 351
0.2 352
0.2 353
0.2 354
0.2 355
0.2 356
0.2 357
0.2 358
0.2 359
0.2 360
0.2 361
0.2 362
0.2 363
0.2 364
0.2 365
0.2 366
0.2 367
0.2 368
0.2 369
0.2 370
0.2 371
0.2 372
0.2 373
0.2 374
0.2 375
0.2 376
0.2 377
0.2 378
0.2 379
0.2 380
0.2 381
0.2 382
0.2 383
0.2 384
0.2 385
0.2 386
0.2 387
0.2 388
0.2 389
0.2 390
0.2 391
0.2 392
0.2 393
0.2 394
0.2 395
0.2 396
0.2 397
0.2 398
0.2 399
0.2 400
0.2 401
0.2 402
0.2 403
0.2 404
0.2 405
0.2 406
0.2 407
0.2 408
0.2 409
0.2 410
0.2 411
0.2 412
0.2 413
0.2 414
0.2 415
0.2 416
0.2 417
0.2 418
0.2 419
0.2 420
0.2 421
0.2 422
0.2 423
0.2 424
0.2 425
0.2 426
0.2 427
0.2 428
0.2 429
0.2 430
0.2 431
0.2 432
0.2 433
0.2 434
0.2 435
0.2 436
0.2 437
0.2 438
0.2 439
0.2 440
0.2 441
0.2 442
0.2 443
0.2 444
0.2 445
0.2 446
0.2 447
0.2 448
0.2 449
0.2 450
0.2 451
0.2 452
0.2 453
0.2 454
0.2 455
0.2 456
0.2 457
0.2 458
0.2 459
0.2 460
0.2 461
0.2 462
0.2 463
0.2 464
0.2 465
0.2 466
0.2 467
0.2 468
0.2 469
0.2 470
0.2 471
0.2 472
0.2 473
0.2 474
0.2 475
0.2 476
0.2 477
0.2 478
0.2 479
0.2 480
0.2 481
0.2 482
0.2 483
0.2 484
0.2 485
0.2 486
0.2 487
0.2 488
0.2 489
0.2 490
0.2 491
0.2 492
0.2 493
0.2 494
0.2 495
0.2 496
0.2 497
0.2 498
0.2 499
0.2 500
0.3 1
0.3 2
0.3 3
0.3 4
0.3 5
0.3 6
0.3 7
0.3 8
0.3 9
0.3 10
0.3 11
0.3 12
0.3 13
0.3 14
0.3 15
0.3 16
0.3 17
0.3 18
0.3 19
0.3 20
0.3 21
0.3 22
0.3 23
0.3 24
0.3 25
0.3 26
0.3 27
0.3 28
0.3 29
0.3 30
0.3 31
0.3 32
0.3 33
0.3 34
0.3 35
0.3 36
0.3 37
0.3 38
0.3 39
0.3 40
0.3 41
0.3 42
0.3 43
0.3 44
0.3 45
0.3 46
0.3 47
0.3 48
0.3 49
0.3 50
0.3 51
0.3 52
0.3 53
0.3 54
0.3 55
0.3 56
0.3 57
0.3 58
0.3 59
0.3 60
0.3 61
0.3 62
0.3 63
0.3 64
0.3 65
0.3 66
0.3 67
0.3 68
0.3 69
0.3 70
0.3 71
0.3 72
0.3 73
0.3 74
0.3 75
0.3 76
0.3 77
0.3 78
0.3 79
0.3 80
0.3 81
0.3 82
0.3 83
0.3 84
0.3 85
0.3 86
0.3 87
0.3 88
0.3 89
0.3 90
0.3 91
0.3 92
0.3 93
0.3 94
0.3 95
0.3 96
0.3 97
0.3 98
0.3 99
0.3 100
0.3 101
0.3 102
0.3 103
0.3 104
0.3 105
0.3 106
0.3 107
0.3 108
0.3 109
0.3 110
0.3 111
0.3 112
0.3 113
0.3 114
0.3 115
0.3 116
0.3 117
0.3 118
0.3 119
0.3 120
0.3 121
0.3 122
0.3 123
0.3 124
0.3 125
0.3 126
0.3 127
0.3 128
0.3 129
0.3 130
0.3 131
0.3 132
0.3 133
0.3 134
0.3 135
0.3 136
0.3 137
0.3 138
0.3 139
0.3 140
0.3 141
0.3 142
0.3 143
0.3 144
0.3 145
0.3 146
0.3 147
0.3 148
0.3 149
0.3 150
0.3 151
0.3 152
0.3 153
0.3 154
0.3 155
0.3 156
0.3 157
0.3 158
0.3 159
0.3 160
0.3 161
0.3 162
0.3 163
0.3 164
0.3 165
0.3 166
0.3 167
0.3 168
0.3 169
0.3 170
0.3 171
0.3 172
0.3 173
0.3 174
0.3 175
0.3 176
0.3 177
0.3 178
0.3 179
0.3 180
0.3 181
0.3 182
0.3 183
0.3 184
0.3 185
0.3 186
0.3 187
0.3 188
0.3 189
0.3 190
0.3 191
0.3 192
0.3 193
0.3 194
0.3 195
0.3 196
0.3 197
0.3 198
0.3 199
0.3 200
0.3 201
0.3 202
0.3 203
0.3 204
0.3 205
0.3 206
0.3 207
0.3 208
0.3 209
0.3 210
0.3 211
0.3 212
0.3 213
0.3 214
0.3 215
0.3 216
0.3 217
0.3 218
0.3 219
0.3 220
0.3 221
0.3 222
0.3 223
0.3 224
0.3 225
0.3 226
0.3 227
0.3 228
0.3 229
0.3 230
0.3 231
0.3 232
0.3 233
0.3 234
0.3 235
0.3 236
0.3 237
0.3 238
0.3 239
0.3 240
0.3 241
0.3 242
0.3 243
0.3 244
0.3 245
0.3 246
0.3 247
0.3 248
0.3 249
0.3 250
0.3 251
0.3 252
0.3 253
0.3 254
0.3 255
0.3 256
0.3 257
0.3 258
0.3 259
0.3 260
0.3 261
0.3 262
0.3 263
0.3 264
0.3 265
0.3 266
0.3 267
0.3 268
0.3 269
0.3 270
0.3 271
0.3 272
0.3 273
0.3 274
0.3 275
0.3 276
0.3 277
0.3 278
0.3 279
0.3 280
0.3 281
0.3 282
0.3 283
0.3 284
0.3 285
0.3 286
0.3 287
0.3 288
0.3 289
0.3 290
0.3 291
0.3 292
0.3 293
0.3 294
0.3 295
0.3 296
0.3 297
0.3 298
0.3 299
0.3 300
0.3 301
0.3 302
0.3 303
0.3 304
0.3 305
0.3 306
0.3 307
0.3 308
0.3 309
0.3 310
0.3 311
0.3 312
0.3 313
0.3 314
0.3 315
0.3 316
0.3 317
0.3 318
0.3 319
0.3 320
0.3 321
0.3 322
0.3 323
0.3 324
0.3 325
0.3 326
0.3 327
0.3 328
0.3 329
0.3 330
0.3 331
0.3 332
0.3 333
0.3 334
0.3 335
0.3 336
0.3 337
0.3 338
0.3 339
0.3 340
0.3 341
0.3 342
0.3 343
0.3 344
0.3 345
0.3 346
0.3 347
0.3 348
0.3 349
0.3 350
0.3 351
0.3 352
0.3 353
0.3 354
0.3 355
0.3 356
0.3 357
0.3 358
0.3 359
0.3 360
0.3 361
0.3 362
0.3 363
0.3 364
0.3 365
0.3 366
0.3 367
0.3 368
0.3 369
0.3 370
0.3 371
0.3 372
0.3 373
0.3 374
0.3 375
0.3 376
0.3 377
0.3 378
0.3 379
0.3 380
0.3 381
0.3 382
0.3 383
0.3 384
0.3 385
0.3 386
0.3 387
0.3 388
0.3 389
0.3 390
0.3 391
0.3 392
0.3 393
0.3 394
0.3 395
0.3 396
0.3 397
0.3 398
0.3 399
0.3 400
0.3 401
0.3 402
0.3 403
0.3 404
0.3 405
0.3 406
0.3 407
0.3 408
0.3 409
0.3 410
0.3 411
0.3 412
0.3 413
0.3 414
0.3 415
0.3 416
0.3 417
0.3 418
0.3 419
0.3 420
0.3 421
0.3 422
0.3 423
0.3 424
0.3 425
0.3 426
0.3 427
0.3 428
0.3 429
0.3 430
0.3 431
0.3 432
0.3 433
0.3 434
0.3 435
0.3 436
0.3 437
0.3 438
0.3 439
0.3 440
0.3 441
0.3 442
0.3 443
0.3 444
0.3 445
0.3 446
0.3 447
0.3 448
0.3 449
0.3 450
0.3 451
0.3 452
0.3 453
0.3 454
0.3 455
0.3 456
0.3 457
0.3 458
0.3 459
0.3 460
0.3 461
0.3 462
0.3 463
0.3 464
0.3 465
0.3 466
0.3 467
0.3 468
0.3 469
0.3 470
0.3 471
0.3 472
0.3 473
0.3 474
0.3 475
0.3 476
0.3 477
0.3 478
0.3 479
0.3 480
0.3 481
0.3 482
0.3 483
0.3 484
0.3 485
0.3 486
0.3 487
0.3 488
0.3 489
0.3 490
0.3 491
0.3 492
0.3 493
0.3 494
0.3 495
0.3 496
0.3 497
0.3 498
0.3 499
0.3 500
0.4 1
0.4 2
0.4 3
0.4 4
0.4 5
0.4 6
0.4 7
0.4 8
0.4 9
0.4 10
0.4 11
0.4 12
0.4 13
0.4 14
0.4 15
0.4 16
0.4 17
0.4 18
0.4 19
0.4 20
0.4 21
0.4 22
0.4 23
0.4 24
0.4 25
0.4 26
0.4 27
0.4 28
0.4 29
0.4 30
0.4 31
0.4 32
0.4 33
0.4 34
0.4 35
0.4 36
0.4 37
0.4 38
0.4 39
0.4 40
0.4 41
0.4 42
0.4 43
0.4 44
0.4 45
0.4 46
0.4 47
0.4 48
0.4 49
0.4 50
0.4 51
0.4 52
0.4 53
0.4 54
0.4 55
0.4 56
0.4 57
0.4 58
0.4 59
0.4 60
0.4 61
0.4 62
0.4 63
0.4 64
0.4 65
0.4 66
0.4 67
0.4 68
0.4 69
0.4 70
0.4 71
0.4 72
0.4 73
0.4 74
0.4 75
0.4 76
0.4 77
0.4 78
0.4 79
0.4 80
0.4 81
0.4 82
0.4 83
0.4 84
0.4 85
0.4 86
0.4 87
0.4 88
0.4 89
0.4 90
0.4 91
0.4 92
0.4 93
0.4 94
0.4 95
0.4 96
0.4 97
0.4 98
0.4 99
0.4 100
0.4 101
0.4 102
0.4 103
0.4 104
0.4 105
0.4 106
0.4 107
0.4 108
0.4 109
0.4 110
0.4 111
0.4 112
0.4 113
0.4 114
0.4 115
0.4 116
0.4 117
0.4 118
0.4 119
0.4 120
0.4 121
0.4 122
0.4 123
0.4 124
0.4 125
0.4 126
0.4 127
0.4 128
0.4 129
0.4 130
0.4 131
0.4 132
0.4 133
0.4 134
0.4 135
0.4 136
0.4 137
0.4 138
0.4 139
0.4 140
0.4 141
0.4 142
0.4 143
0.4 144
0.4 145
0.4 146
0.4 147
0.4 148
0.4 149
0.4 150
0.4 151
0.4 152
0.4 153
0.4 154
0.4 155
0.4 156
0.4 157
0.4 158
0.4 159
0.4 160
0.4 161
0.4 162
0.4 163
0.4 164
0.4 165
0.4 166
0.4 167
0.4 168
0.4 169
0.4 170
0.4 171
0.4 172
0.4 173
0.4 174
0.4 175
0.4 176
0.4 177
0.4 178
0.4 179
0.4 180
0.4 181
0.4 182
0.4 183
0.4 184
0.4 185
0.4 186
0.4 187
0.4 188
0.4 189
0.4 190
0.4 191
0.4 192
0.4 193
0.4 194
0.4 195
0.4 196
0.4 197
0.4 198
0.4 199
0.4 200
0.4 201
0.4 202
0.4 203
0.4 204
0.4 205
0.4 206
0.4 207
0.4 208
0.4 209
0.4 210
0.4 211
0.4 212
0.4 213
0.4 214
0.4 215
0.4 216
0.4 217
0.4 218
0.4 219
0.4 220
0.4 221
0.4 222
0.4 223
0.4 224
0.4 225
0.4 226
0.4 227
0.4 228
0.4 229
0.4 230
0.4 231
0.4 232
0.4 233
0.4 234
0.4 235
0.4 236
0.4 237
0.4 238
0.4 239
0.4 240
0.4 241
0.4 242
0.4 243
0.4 244
0.4 245
0.4 246
0.4 247
0.4 248
0.4 249
0.4 250
0.4 251
0.4 252
0.4 253
0.4 254
0.4 255
0.4 256
0.4 257
0.4 258
0.4 259
0.4 260
0.4 261
0.4 262
0.4 263
0.4 264
0.4 265
0.4 266
0.4 267
0.4 268
0.4 269
0.4 270
0.4 271
0.4 272
0.4 273
0.4 274
0.4 275
0.4 276
0.4 277
0.4 278
0.4 279
0.4 280
0.4 281
0.4 282
0.4 283
0.4 284
0.4 285
0.4 286
0.4 287
0.4 288
0.4 289
0.4 290
0.4 291
0.4 292
0.4 293
0.4 294
0.4 295
0.4 296
0.4 297
0.4 298
0.4 299
0.4 300
0.4 301
0.4 302
0.4 303
0.4 304
0.4 305
0.4 306
0.4 307
0.4 308
0.4 309
0.4 310
0.4 311
0.4 312
0.4 313
0.4 314
0.4 315
0.4 316
0.4 317
0.4 318
0.4 319
0.4 320
0.4 321
0.4 322
0.4 323
0.4 324
0.4 325
0.4 326
0.4 327
0.4 328
0.4 329
0.4 330
0.4 331
0.4 332
0.4 333
0.4 334
0.4 335
0.4 336
0.4 337
0.4 338
0.4 339
0.4 340
0.4 341
0.4 342
0.4 343
0.4 344
0.4 345
0.4 346
0.4 347
0.4 348
0.4 349
0.4 350
0.4 351
0.4 352
0.4 353
0.4 354
0.4 355
0.4 356
0.4 357
0.4 358
0.4 359
0.4 360
0.4 361
0.4 362
0.4 363
0.4 364
0.4 365
0.4 366
0.4 367
0.4 368
0.4 369
0.4 370
0.4 371
0.4 372
0.4 373
0.4 374
0.4 375
0.4 376
0.4 377
0.4 378
0.4 379
0.4 380
0.4 381
0.4 382
0.4 383
0.4 384
0.4 385
0.4 386
0.4 387
0.4 388
0.4 389
0.4 390
0.4 391
0.4 392
0.4 393
0.4 394
0.4 395
0.4 396
0.4 397
0.4 398
0.4 399
0.4 400
0.4 401
0.4 402
0.4 403
0.4 404
0.4 405
0.4 406
0.4 407
0.4 408
0.4 409
0.4 410
0.4 411
0.4 412
0.4 413
0.4 414
0.4 415
0.4 416
0.4 417
0.4 418
0.4 419
0.4 420
0.4 421
0.4 422
0.4 423
0.4 424
0.4 425
0.4 426
0.4 427
0.4 428
0.4 429
0.4 430
0.4 431
0.4 432
0.4 433
0.4 434
0.4 435
0.4 436
0.4 437
0.4 438
0.4 439
0.4 440
0.4 441
0.4 442
0.4 443
0.4 444
0.4 445
0.4 446
0.4 447
0.4 448
0.4 449
0.4 450
0.4 451
0.4 452
0.4 453
0.4 454
0.4 455
0.4 456
0.4 457
0.4 458
0.4 459
0.4 460
0.4 461
0.4 462
0.4 463
0.4 464
0.4 465
0.4 466
0.4 467
0.4 468
0.4 469
0.4 470
0.4 471
0.4 472
0.4 473
0.4 474
0.4 475
0.4 476
0.4 477
0.4 478
0.4 479
0.4 480
0.4 481
0.4 482
0.4 483
0.4 484
0.4 485
0.4 486
0.4 487
0.4 488
0.4 489
0.4 490
0.4 491
0.4 492
0.4 493
0.4 494
0.4 495
0.4 496
0.4 497
0.4 498
0.4 499
0.4 500
0.5 1
0.5 2
0.5 3
0.5 4
0.5 5
0.5 6
0.5 7
0.5 8
0.5 9
0.5 10
0.5 11
0.5 12
0.5 13
0.5 14
0.5 15
0.5 16
0.5 17
0.5 18
0.5 19
0.5 20
0.5 21
0.5 22
0.5 23
0.5 24
0.5 25
0.5 26
0.5 27
0.5 28
0.5 29
0.5 30
0.5 31
0.5 32
0.5 33
0.5 34
0.5 35
0.5 36
0.5 37
0.5 38
0.5 39
0.5 40
0.5 41
0.5 42
0.5 43
0.5 44
0.5 45
0.5 46
0.5 47
0.5 48
0.5 49
0.5 50
0.5 51
0.5 52
0.5 53
0.5 54
0.5 55
0.5 56
0.5 57
0.5 58
0.5 59
0.5 60
0.5 61
0.5 62
0.5 63
0.5 64
0.5 65
0.5 66
0.5 67
0.5 68
0.5 69
0.5 70
0.5 71
0.5 72
0.5 73
0.5 74
0.5 75
0.5 76
0.5 77
0.5 78
0.5 79
0.5 80
0.5 81
0.5 82
0.5 83
0.5 84
0.5 85
0.5 86
0.5 87
0.5 88
0.5 89
0.5 90
0.5 91
0.5 92
0.5 93
0.5 94
0.5 95
0.5 96
0.5 97
0.5 98
0.5 99
0.5 100
0.5 101
0.5 102
0.5 103
0.5 104
0.5 105
0.5 106
0.5 107
0.5 108
0.5 109
0.5 110
0.5 111
0.5 112
0.5 113
0.5 114
0.5 115
0.5 116
0.5 117
0.5 118
0.5 119
0.5 120
0.5 121
0.5 122
0.5 123
0.5 124
0.5 125
0.5 126
0.5 127
0.5 128
0.5 129
0.5 130
0.5 131
0.5 132
0.5 133
0.5 134
0.5 135
0.5 136
0.5 137
0.5 138
0.5 139
0.5 140
0.5 141
0.5 142
0.5 143
0.5 144
0.5 145
0.5 146
0.5 147
0.5 148
0.5 149
0.5 150
0.5 151
0.5 152
0.5 153
0.5 154
0.5 155
0.5 156
0.5 157
0.5 158
0.5 159
0.5 160
0.5 161
0.5 162
0.5 163
0.5 164
0.5 165
0.5 166
0.5 167
0.5 168
0.5 169
0.5 170
0.5 171
0.5 172
0.5 173
0.5 174
0.5 175
0.5 176
0.5 177
0.5 178
0.5 179
0.5 180
0.5 181
0.5 182
0.5 183
0.5 184
0.5 185
0.5 186
0.5 187
0.5 188
0.5 189
0.5 190
0.5 191
0.5 192
0.5 193
0.5 194
0.5 195
0.5 196
0.5 197
0.5 198
0.5 199
0.5 200
0.5 201
0.5 202
0.5 203
0.5 204
0.5 205
0.5 206
0.5 207
0.5 208
0.5 209
0.5 210
0.5 211
0.5 212
0.5 213
0.5 214
0.5 215
0.5 216
0.5 217
0.5 218
0.5 219
0.5 220
0.5 221
0.5 222
0.5 223
0.5 224
0.5 225
0.5 226
0.5 227
0.5 228
0.5 229
0.5 230
0.5 231
0.5 232
0.5 233
0.5 234
0.5 235
0.5 236
0.5 237
0.5 238
0.5 239
0.5 240
0.5 241
0.5 242
0.5 243
0.5 244
0.5 245
0.5 246
0.5 247
0.5 248
0.5 249
0.5 250
0.5 251
0.5 252
0.5 253
0.5 254
0.5 255
0.5 256
0.5 257
0.5 258
0.5 259
0.5 260
0.5 261
0.5 262
0.5 263
0.5 264
0.5 265
0.5 266
0.5 267
0.5 268
0.5 269
0.5 270
0.5 271
0.5 272
0.5 273
0.5 274
0.5 275
0.5 276
0.5 277
0.5 278
0.5 279
0.5 280
0.5 281
0.5 282
0.5 283
0.5 284
0.5 285
0.5 286
0.5 287
0.5 288
0.5 289
0.5 290
0.5 291
0.5 292
0.5 293
0.5 294
0.5 295
0.5 296
0.5 297
0.5 298
0.5 299
0.5 300
0.5 301
0.5 302
0.5 303
0.5 304
0.5 305
0.5 306
0.5 307
0.5 308
0.5 309
0.5 310
0.5 311
0.5 312
0.5 313
0.5 314
0.5 315
0.5 316
0.5 317
0.5 318
0.5 319
0.5 320
0.5 321
0.5 322
0.5 323
0.5 324
0.5 325
0.5 326
0.5 327
0.5 328
0.5 329
0.5 330
0.5 331
0.5 332
0.5 333
0.5 334
0.5 335
0.5 336
0.5 337
0.5 338
0.5 339
0.5 340
0.5 341
0.5 342
0.5 343
0.5 344
0.5 345
0.5 346
0.5 347
0.5 348
0.5 349
0.5 350
0.5 351
0.5 352
0.5 353
0.5 354
0.5 355
0.5 356
0.5 357
0.5 358
0.5 359
0.5 360
0.5 361
0.5 362
0.5 363
0.5 364
0.5 365
0.5 366
0.5 367
0.5 368
0.5 369
0.5 370
0.5 371
0.5 372
0.5 373
0.5 374
0.5 375
0.5 376
0.5 377
0.5 378
0.5 379
0.5 380
0.5 381
0.5 382
0.5 383
0.5 384
0.5 385
0.5 386
0.5 387
0.5 388
0.5 389
0.5 390
0.5 391
0.5 392
0.5 393
0.5 394
0.5 395
0.5 396
0.5 397
0.5 398
0.5 399
0.5 400
0.5 401
0.5 402
0.5 403
0.5 404
0.5 405
0.5 406
0.5 407
0.5 408
0.5 409
0.5 410
0.5 411
0.5 412
0.5 413
0.5 414
0.5 415
0.5 416
0.5 417
0.5 418
0.5 419
0.5 420
0.5 421
0.5 422
0.5 423
0.5 424
0.5 425
0.5 426
0.5 427
0.5 428
0.5 429
0.5 430
0.5 431
0.5 432
0.5 433
0.5 434
0.5 435
0.5 436
0.5 437
0.5 438
0.5 439
0.5 440
0.5 441
0.5 442
0.5 443
0.5 444
0.5 445
0.5 446
0.5 447
0.5 448
0.5 449
0.5 450
0.5 451
0.5 452
0.5 453
0.5 454
0.5 455
0.5 456
0.5 457
0.5 458
0.5 459
0.5 460
0.5 461
0.5 462
0.5 463
0.5 464
0.5 465
0.5 466
0.5 467
0.5 468
0.5 469
0.5 470
0.5 471
0.5 472
0.5 473
0.5 474
0.5 475
0.5 476
0.5 477
0.5 478
0.5 479
0.5 480
0.5 481
0.5 482
0.5 483
0.5 484
0.5 485
0.5 486
0.5 487
0.5 488
0.5 489
0.5 490
0.5 491
0.5 492
0.5 493
0.5 494
0.5 495
0.5 496
0.5 497
0.5 498
0.5 499
0.5 500
0.6 1
0.6 2
0.6 3
0.6 4
0.6 5
0.6 6
0.6 7
0.6 8
0.6 9
0.6 10
0.6 11
0.6 12
0.6 13
0.6 14
0.6 15
0.6 16
0.6 17
0.6 18
0.6 19
0.6 20
0.6 21
0.6 22
0.6 23
0.6 24
0.6 25
0.6 26
0.6 27
0.6 28
0.6 29
0.6 30
0.6 31
0.6 32
0.6 33
0.6 34
0.6 35
0.6 36
0.6 37
0.6 38
0.6 39
0.6 40
0.6 41
0.6 42
0.6 43
0.6 44
0.6 45
0.6 46
0.6 47
0.6 48
0.6 49
0.6 50
0.6 51
0.6 52
0.6 53
0.6 54
0.6 55
0.6 56
0.6 57
0.6 58
0.6 59
0.6 60
0.6 61
0.6 62
0.6 63
0.6 64
0.6 65
0.6 66
0.6 67
0.6 68
0.6 69
0.6 70
0.6 71
0.6 72
0.6 73
0.6 74
0.6 75
0.6 76
0.6 77
0.6 78
0.6 79
0.6 80
0.6 81
0.6 82
0.6 83
0.6 84
0.6 85
0.6 86
0.6 87
0.6 88
0.6 89
0.6 90
0.6 91
0.6 92
0.6 93
0.6 94
0.6 95
0.6 96
0.6 97
0.6 98
0.6 99
0.6 100
0.6 101
0.6 102
0.6 103
0.6 104
0.6 105
0.6 106
0.6 107
0.6 108
0.6 109
0.6 110
0.6 111
0.6 112
0.6 113
0.6 114
0.6 115
0.6 116
0.6 117
0.6 118
0.6 119
0.6 120
0.6 121
0.6 122
0.6 123
0.6 124
0.6 125
0.6 126
0.6 127
0.6 128
0.6 129
0.6 130
0.6 131
0.6 132
0.6 133
0.6 134
0.6 135
0.6 136
0.6 137
0.6 138
0.6 139
0.6 140
0.6 141
0.6 142
0.6 143
0.6 144
0.6 145
0.6 146
0.6 147
0.6 148
0.6 149
0.6 150
0.6 151
0.6 152
0.6 153
0.6 154
0.6 155
0.6 156
0.6 157
0.6 158
0.6 159
0.6 160
0.6 161
0.6 162
0.6 163
0.6 164
0.6 165
0.6 166
0.6 167
0.6 168
0.6 169
0.6 170
0.6 171
0.6 172
0.6 173
0.6 174
0.6 175
0.6 176
0.6 177
0.6 178
0.6 179
0.6 180
0.6 181
0.6 182
0.6 183
0.6 184
0.6 185
0.6 186
0.6 187
0.6 188
0.6 189
0.6 190
0.6 191
0.6 192
0.6 193
0.6 194
0.6 195
0.6 196
0.6 197
0.6 198
0.6 199
0.6 200
0.6 201
0.6 202
0.6 203
0.6 204
0.6 205
0.6 206
0.6 207
0.6 208
0.6 209
0.6 210
0.6 211
0.6 212
0.6 213
0.6 214
0.6 215
0.6 216
0.6 217
0.6 218
0.6 219
0.6 220
0.6 221
0.6 222
0.6 223
0.6 224
0.6 225
0.6 226
0.6 227
0.6 228
0.6 229
0.6 230
0.6 231
0.6 232
0.6 233
0.6 234
0.6 235
0.6 236
0.6 237
0.6 238
0.6 239
0.6 240
0.6 241
0.6 242
0.6 243
0.6 244
0.6 245
0.6 246
0.6 247
0.6 248
0.6 249
0.6 250
0.6 251
0.6 252
0.6 253
0.6 254
0.6 255
0.6 256
0.6 257
0.6 258
0.6 259
0.6 260
0.6 261
0.6 262
0.6 263
0.6 264
0.6 265
0.6 266
0.6 267
0.6 268
0.6 269
0.6 270
0.6 271
0.6 272
0.6 273
0.6 274
0.6 275
0.6 276
0.6 277
0.6 278
0.6 279
0.6 280
0.6 281
0.6 282
0.6 283
0.6 284
0.6 285
0.6 286
0.6 287
0.6 288
0.6 289
0.6 290
0.6 291
0.6 292
0.6 293
0.6 294
0.6 295
0.6 296
0.6 297
0.6 298
0.6 299
0.6 300
0.6 301
0.6 302
0.6 303
0.6 304
0.6 305
0.6 306
0.6 307
0.6 308
0.6 309
0.6 310
0.6 311
0.6 312
0.6 313
0.6 314
0.6 315
0.6 316
0.6 317
0.6 318
0.6 319
0.6 320
0.6 321
0.6 322
0.6 323
0.6 324
0.6 325
0.6 326
0.6 327
0.6 328
0.6 329
0.6 330
0.6 331
0.6 332
0.6 333
0.6 334
0.6 335
0.6 336
0.6 337
0.6 338
0.6 339
0.6 340
0.6 341
0.6 342
0.6 343
0.6 344
0.6 345
0.6 346
0.6 347
0.6 348
0.6 349
0.6 350
0.6 351
0.6 352
0.6 353
0.6 354
0.6 355
0.6 356
0.6 357
0.6 358
0.6 359
0.6 360
0.6 361
0.6 362
0.6 363
0.6 364
0.6 365
0.6 366
0.6 367
0.6 368
0.6 369
0.6 370
0.6 371
0.6 372
0.6 373
0.6 374
0.6 375
0.6 376
0.6 377
0.6 378
0.6 379
0.6 380
0.6 381
0.6 382
0.6 383
0.6 384
0.6 385
0.6 386
0.6 387
0.6 388
0.6 389
0.6 390
0.6 391
0.6 392
0.6 393
0.6 394
0.6 395
0.6 396
0.6 397
0.6 398
0.6 399
0.6 400
0.6 401
0.6 402
0.6 403
0.6 404
0.6 405
0.6 406
0.6 407
0.6 408
0.6 409
0.6 410
0.6 411
0.6 412
0.6 413
0.6 414
0.6 415
0.6 416
0.6 417
0.6 418
0.6 419
0.6 420
0.6 421
0.6 422
0.6 423
0.6 424
0.6 425
0.6 426
0.6 427
0.6 428
0.6 429
0.6 430
0.6 431
0.6 432
0.6 433
0.6 434
0.6 435
0.6 436
0.6 437
0.6 438
0.6 439
0.6 440
0.6 441
0.6 442
0.6 443
0.6 444
0.6 445
0.6 446
0.6 447
0.6 448
0.6 449
0.6 450
0.6 451
0.6 452
0.6 453
0.6 454
0.6 455
0.6 456
0.6 457
0.6 458
0.6 459
0.6 460
0.6 461
0.6 462
0.6 463
0.6 464
0.6 465
0.6 466
0.6 467
0.6 468
0.6 469
0.6 470
0.6 471
0.6 472
0.6 473
0.6 474
0.6 475
0.6 476
0.6 477
0.6 478
0.6 479
0.6 480
0.6 481
0.6 482
0.6 483
0.6 484
0.6 485
0.6 486
0.6 487
0.6 488
0.6 489
0.6 490
0.6 491
0.6 492
0.6 493
0.6 494
0.6 495
0.6 496
0.6 497
0.6 498
0.6 499
0.6 500
0.7 1
0.7 2
0.7 3
0.7 4
0.7 5
0.7 6
0.7 7
0.7 8
0.7 9
0.7 10
0.7 11
0.7 12
0.7 13
0.7 14
0.7 15
0.7 16
0.7 17
0.7 18
0.7 19
0.7 20
0.7 21
0.7 22
0.7 23
0.7 24
0.7 25
0.7 26
0.7 27
0.7 28
0.7 29
0.7 30
0.7 31
0.7 32
0.7 33
0.7 34
0.7 35
0.7 36
0.7 37
0.7 38
0.7 39
0.7 40
0.7 41
0.7 42
0.7 43
0.7 44
0.7 45
0.7 46
0.7 47
0.7 48
0.7 49
0.7 50
0.7 51
0.7 52
0.7 53
0.7 54
0.7 55
0.7 56
0.7 57
0.7 58
0.7 59
0.7 60
0.7 61
0.7 62
0.7 63
0.7 64
0.7 65
0.7 66
0.7 67
0.7 68
0.7 69
0.7 70
0.7 71
0.7 72
0.7 73
0.7 74
0.7 75
0.7 76
0.7 77
0.7 78
0.7 79
0.7 80
0.7 81
0.7 82
0.7 83
0.7 84
0.7 85
0.7 86
0.7 87
0.7 88
0.7 89
0.7 90
0.7 91
0.7 92
0.7 93
0.7 94
0.7 95
0.7 96
0.7 97
0.7 98
0.7 99
0.7 100
0.7 101
0.7 102
0.7 103
0.7 104
0.7 105
0.7 106
0.7 107
0.7 108
0.7 109
0.7 110
0.7 111
0.7 112
0.7 113
0.7 114
0.7 115
0.7 116
0.7 117
0.7 118
0.7 119
0.7 120
0.7 121
0.7 122
0.7 123
0.7 124
0.7 125
0.7 126
0.7 127
0.7 128
0.7 129
0.7 130
0.7 131
0.7 132
0.7 133
0.7 134
0.7 135
0.7 136
0.7 137
0.7 138
0.7 139
0.7 140
0.7 141
0.7 142
0.7 143
0.7 144
0.7 145
0.7 146
0.7 147
0.7 148
0.7 149
0.7 150
0.7 151
0.7 152
0.7 153
0.7 154
0.7 155
0.7 156
0.7 157
0.7 158
0.7 159
0.7 160
0.7 161
0.7 162
0.7 163
0.7 164
0.7 165
0.7 166
0.7 167
0.7 168
0.7 169
0.7 170
0.7 171
0.7 172
0.7 173
0.7 174
0.7 175
0.7 176
0.7 177
0.7 178
0.7 179
0.7 180
0.7 181
0.7 182
0.7 183
0.7 184
0.7 185
0.7 186
0.7 187
0.7 188
0.7 189
0.7 190
0.7 191
0.7 192
0.7 193
0.7 194
0.7 195
0.7 196
0.7 197
0.7 198
0.7 199
0.7 200
0.7 201
0.7 202
0.7 203
0.7 204
0.7 205
0.7 206
0.7 207
0.7 208
0.7 209
0.7 210
0.7 211
0.7 212
0.7 213
0.7 214
0.7 215
0.7 216
0.7 217
0.7 218
0.7 219
0.7 220
0.7 221
0.7 222
0.7 223
0.7 224
0.7 225
0.7 226
0.7 227
0.7 228
0.7 229
0.7 230
0.7 231
0.7 232
0.7 233
0.7 234
0.7 235
0.7 236
0.7 237
0.7 238
0.7 239
0.7 240
0.7 241
0.7 242
0.7 243
0.7 244
0.7 245
0.7 246
0.7 247
0.7 248
0.7 249
0.7 250
0.7 251
0.7 252
0.7 253
0.7 254
0.7 255
0.7 256
0.7 257
0.7 258
0.7 259
0.7 260
0.7 261
0.7 262
0.7 263
0.7 264
0.7 265
0.7 266
0.7 267
0.7 268
0.7 269
0.7 270
0.7 271
0.7 272
0.7 273
0.7 274
0.7 275
0.7 276
0.7 277
0.7 278
0.7 279
0.7 280
0.7 281
0.7 282
0.7 283
0.7 284
0.7 285
0.7 286
0.7 287
0.7 288
0.7 289
0.7 290
0.7 291
0.7 292
0.7 293
0.7 294
0.7 295
0.7 296
0.7 297
0.7 298
0.7 299
0.7 300
0.7 301
0.7 302
0.7 303
0.7 304
0.7 305
0.7 306
0.7 307
0.7 308
0.7 309
0.7 310
0.7 311
0.7 312
0.7 313
0.7 314
0.7 315
0.7 316
0.7 317
0.7 318
0.7 319
0.7 320
0.7 321
0.7 322
0.7 323
0.7 324
0.7 325
0.7 326
0.7 327
0.7 328
0.7 329
0.7 330
0.7 331
0.7 332
0.7 333
0.7 334
0.7 335
0.7 336
0.7 337
0.7 338
0.7 339
0.7 340
0.7 341
0.7 342
0.7 343
0.7 344
0.7 345
0.7 346
0.7 347
0.7 348
0.7 349
0.7 350
0.7 351
0.7 352
0.7 353
0.7 354
0.7 355
0.7 356
0.7 357
0.7 358
0.7 359
0.7 360
0.7 361
0.7 362
0.7 363
0.7 364
0.7 365
0.7 366
0.7 367
0.7 368
0.7 369
0.7 370
0.7 371
0.7 372
0.7 373
0.7 374
0.7 375
0.7 376
0.7 377
0.7 378
0.7 379
0.7 380
0.7 381
0.7 382
0.7 383
0.7 384
0.7 385
0.7 386
0.7 387
0.7 388
0.7 389
0.7 390
0.7 391
0.7 392
0.7 393
0.7 394
0.7 395
0.7 396
0.7 397
0.7 398
0.7 399
0.7 400
0.7 401
0.7 402
0.7 403
0.7 404
0.7 405
0.7 406
0.7 407
0.7 408
0.7 409
0.7 410
0.7 411
0.7 412
0.7 413
0.7 414
0.7 415
0.7 416
0.7 417
0.7 418
0.7 419
0.7 420
0.7 421
0.7 422
0.7 423
0.7 424
0.7 425
0.7 426
0.7 427
0.7 428
0.7 429
0.7 430
0.7 431
0.7 432
0.7 433
0.7 434
0.7 435
0.7 436
0.7 437
0.7 438
0.7 439
0.7 440
0.7 441
0.7 442
0.7 443
0.7 444
0.7 445
0.7 446
0.7 447
0.7 448
0.7 449
0.7 450
0.7 451
0.7 452
0.7 453
0.7 454
0.7 455
0.7 456
0.7 457
0.7 458
0.7 459
0.7 460
0.7 461
0.7 462
0.7 463
0.7 464
0.7 465
0.7 466
0.7 467
0.7 468
0.7 469
0.7 470
0.7 471
0.7 472
0.7 473
0.7 474
0.7 475
0.7 476
0.7 477
0.7 478
0.7 479
0.7 480
0.7 481
0.7 482
0.7 483
0.7 484
0.7 485
0.7 486
0.7 487
0.7 488
0.7 489
0.7 490
0.7 491
0.7 492
0.7 493
0.7 494
0.7 495
0.7 496
0.7 497
0.7 498
0.7 499
0.7 500
0.8 1
0.8 2
0.8 3
0.8 4
0.8 5
0.8 6
0.8 7
0.8 8
0.8 9
0.8 10
0.8 11
0.8 12
0.8 13
0.8 14
0.8 15
0.8 16
0.8 17
0.8 18
0.8 19
0.8 20
0.8 21
0.8 22
0.8 23
0.8 24
0.8 25
0.8 26
0.8 27
0.8 28
0.8 29
0.8 30
0.8 31
0.8 32
0.8 33
0.8 34
0.8 35
0.8 36
0.8 37
0.8 38
0.8 39
0.8 40
0.8 41
0.8 42
0.8 43
0.8 44
0.8 45
0.8 46
0.8 47
0.8 48
0.8 49
0.8 50
0.8 51
0.8 52
0.8 53
0.8 54
0.8 55
0.8 56
0.8 57
0.8 58
0.8 59
0.8 60
0.8 61
0.8 62
0.8 63
0.8 64
0.8 65
0.8 66
0.8 67
0.8 68
0.8 69
0.8 70
0.8 71
0.8 72
0.8 73
0.8 74
0.8 75
0.8 76
0.8 77
0.8 78
0.8 79
0.8 80
0.8 81
0.8 82
0.8 83
0.8 84
0.8 85
0.8 86
0.8 87
0.8 88
0.8 89
0.8 90
0.8 91
0.8 92
0.8 93
0.8 94
0.8 95
0.8 96
0.8 97
0.8 98
0.8 99
0.8 100
0.8 101
0.8 102
0.8 103
0.8 104
0.8 105
0.8 106
0.8 107
0.8 108
0.8 109
0.8 110
0.8 111
0.8 112
0.8 113
0.8 114
0.8 115
0.8 116
0.8 117
0.8 118
0.8 119
0.8 120
0.8 121
0.8 122
0.8 123
0.8 124
0.8 125
0.8 126
0.8 127
0.8 128
0.8 129
0.8 130
0.8 131
0.8 132
0.8 133
0.8 134
0.8 135
0.8 136
0.8 137
0.8 138
0.8 139
0.8 140
0.8 141
0.8 142
0.8 143
0.8 144
0.8 145
0.8 146
0.8 147
0.8 148
0.8 149
0.8 150
0.8 151
0.8 152
0.8 153
0.8 154
0.8 155
0.8 156
0.8 157
0.8 158
0.8 159
0.8 160
0.8 161
0.8 162
0.8 163
0.8 164
0.8 165
0.8 166
0.8 167
0.8 168
0.8 169
0.8 170
0.8 171
0.8 172
0.8 173
0.8 174
0.8 175
0.8 176
0.8 177
0.8 178
0.8 179
0.8 180
0.8 181
0.8 182
0.8 183
0.8 184
0.8 185
0.8 186
0.8 187
0.8 188
0.8 189
0.8 190
0.8 191
0.8 192
0.8 193
0.8 194
0.8 195
0.8 196
0.8 197
0.8 198
0.8 199
0.8 200
0.8 201
0.8 202
0.8 203
0.8 204
0.8 205
0.8 206
0.8 207
0.8 208
0.8 209
0.8 210
0.8 211
0.8 212
0.8 213
0.8 214
0.8 215
0.8 216
0.8 217
0.8 218
0.8 219
0.8 220
0.8 221
0.8 222
0.8 223
0.8 224
0.8 225
0.8 226
0.8 227
0.8 228
0.8 229
0.8 230
0.8 231
0.8 232
0.8 233
0.8 234
0.8 235
0.8 236
0.8 237
0.8 238
0.8 239
0.8 240
0.8 241
0.8 242
0.8 243
0.8 244
0.8 245
0.8 246
0.8 247
0.8 248
0.8 249
0.8 250
0.8 251
0.8 252
0.8 253
0.8 254
0.8 255
0.8 256
0.8 257
0.8 258
0.8 259
0.8 260
0.8 261
0.8 262
0.8 263
0.8 264
0.8 265
0.8 266
0.8 267
0.8 268
0.8 269
0.8 270
0.8 271
0.8 272
0.8 273
0.8 274
0.8 275
0.8 276
0.8 277
0.8 278
0.8 279
0.8 280
0.8 281
0.8 282
0.8 283
0.8 284
0.8 285
0.8 286
0.8 287
0.8 288
0.8 289
0.8 290
0.8 291
0.8 292
0.8 293
0.8 294
0.8 295
0.8 296
0.8 297
0.8 298
0.8 299
0.8 300
0.8 301
0.8 302
0.8 303
0.8 304
0.8 305
0.8 306
0.8 307
0.8 308
0.8 309
0.8 310
0.8 311
0.8 312
0.8 313
0.8 314
0.8 315
0.8 316
0.8 317
0.8 318
0.8 319
0.8 320
0.8 321
0.8 322
0.8 323
0.8 324
0.8 325
0.8 326
0.8 327
0.8 328
0.8 329
0.8 330
0.8 331
0.8 332
0.8 333
0.8 334
0.8 335
0.8 336
0.8 337
0.8 338
0.8 339
0.8 340
0.8 341
0.8 342
0.8 343
0.8 344
0.8 345
0.8 346
0.8 347
0.8 348
0.8 349
0.8 350
0.8 351
0.8 352
0.8 353
0.8 354
0.8 355
0.8 356
0.8 357
0.8 358
0.8 359
0.8 360
0.8 361
0.8 362
0.8 363
0.8 364
0.8 365
0.8 366
0.8 367
0.8 368
0.8 369
0.8 370
0.8 371
0.8 372
0.8 373
0.8 374
0.8 375
0.8 376
0.8 377
0.8 378
0.8 379
0.8 380
0.8 381
0.8 382
0.8 383
0.8 384
0.8 385
0.8 386
0.8 387
0.8 388
0.8 389
0.8 390
0.8 391
0.8 392
0.8 393
0.8 394
0.8 395
0.8 396
0.8 397
0.8 398
0.8 399
0.8 400
0.8 401
0.8 402
0.8 403
0.8 404
0.8 405
0.8 406
0.8 407
0.8 408
0.8 409
0.8 410
0.8 411
0.8 412
0.8 413
0.8 414
0.8 415
0.8 416
0.8 417
0.8 418
0.8 419
0.8 420
0.8 421
0.8 422
0.8 423
0.8 424
0.8 425
0.8 426
0.8 427
0.8 428
0.8 429
0.8 430
0.8 431
0.8 432
0.8 433
0.8 434
0.8 435
0.8 436
0.8 437
0.8 438
0.8 439
0.8 440
0.8 441
0.8 442
0.8 443
0.8 444
0.8 445
0.8 446
0.8 447
0.8 448
0.8 449
0.8 450
0.8 451
0.8 452
0.8 453
0.8 454
0.8 455
0.8 456
0.8 457
0.8 458
0.8 459
0.8 460
0.8 461
0.8 462
0.8 463
0.8 464
0.8 465
0.8 466
0.8 467
0.8 468
0.8 469
0.8 470
0.8 471
0.8 472
0.8 473
0.8 474
0.8 475
0.8 476
0.8 477
0.8 478
0.8 479
0.8 480
0.8 481
0.8 482
0.8 483
0.8 484
0.8 485
0.8 486
0.8 487
0.8 488
0.8 489
0.8 490
0.8 491
0.8 492
0.8 493
0.8 494
0.8 495
0.8 496
0.8 497
0.8 498
0.8 499
0.8 500
0.9 1
0.9 2
0.9 3
0.9 4
0.9 5
0.9 6
0.9 7
0.9 8
0.9 9
0.9 10
0.9 11
0.9 12
0.9 13
0.9 14
0.9 15
0.9 16
0.9 17
0.9 18
0.9 19
0.9 20
0.9 21
0.9 22
0.9 23
0.9 24
0.9 25
0.9 26
0.9 27
0.9 28
0.9 29
0.9 30
0.9 31
0.9 32
0.9 33
0.9 34
0.9 35
0.9 36
0.9 37
0.9 38
0.9 39
0.9 40
0.9 41
0.9 42
0.9 43
0.9 44
0.9 45
0.9 46
0.9 47
0.9 48
0.9 49
0.9 50
0.9 51
0.9 52
0.9 53
0.9 54
0.9 55
0.9 56
0.9 57
0.9 58
0.9 59
0.9 60
0.9 61
0.9 62
0.9 63
0.9 64
0.9 65
0.9 66
0.9 67
0.9 68
0.9 69
0.9 70
0.9 71
0.9 72
0.9 73
0.9 74
0.9 75
0.9 76
0.9 77
0.9 78
0.9 79
0.9 80
0.9 81
0.9 82
0.9 83
0.9 84
0.9 85
0.9 86
0.9 87
0.9 88
0.9 89
0.9 90
0.9 91
0.9 92
0.9 93
0.9 94
0.9 95
0.9 96
0.9 97
0.9 98
0.9 99
0.9 100
0.9 101
0.9 102
0.9 103
0.9 104
0.9 105
0.9 106
0.9 107
0.9 108
0.9 109
0.9 110
0.9 111
0.9 112
0.9 113
0.9 114
0.9 115
0.9 116
0.9 117
0.9 118
0.9 119
0.9 120
0.9 121
0.9 122
0.9 123
0.9 124
0.9 125
0.9 126
0.9 127
0.9 128
0.9 129
0.9 130
0.9 131
0.9 132
0.9 133
0.9 134
0.9 135
0.9 136
0.9 137
0.9 138
0.9 139
0.9 140
0.9 141
0.9 142
0.9 143
0.9 144
0.9 145
0.9 146
0.9 147
0.9 148
0.9 149
0.9 150
0.9 151
0.9 152
0.9 153
0.9 154
0.9 155
0.9 156
0.9 157
0.9 158
0.9 159
0.9 160
0.9 161
0.9 162
0.9 163
0.9 164
0.9 165
0.9 166
0.9 167
0.9 168
0.9 169
0.9 170
0.9 171
0.9 172
0.9 173
0.9 174
0.9 175
0.9 176
0.9 177
0.9 178
0.9 179
0.9 180
0.9 181
0.9 182
0.9 183
0.9 184
0.9 185
0.9 186
0.9 187
0.9 188
0.9 189
0.9 190
0.9 191
0.9 192
0.9 193
0.9 194
0.9 195
0.9 196
0.9 197
0.9 198
0.9 199
0.9 200
0.9 201
0.9 202
0.9 203
0.9 204
0.9 205
0.9 206
0.9 207
0.9 208
0.9 209
0.9 210
0.9 211
0.9 212
0.9 213
0.9 214
0.9 215
0.9 216
0.9 217
0.9 218
0.9 219
0.9 220
0.9 221
0.9 222
0.9 223
0.9 224
0.9 225
0.9 226
0.9 227
0.9 228
0.9 229
0.9 230
0.9 231
0.9 232
0.9 233
0.9 234
0.9 235
0.9 236
0.9 237
0.9 238
0.9 239
0.9 240
0.9 241
0.9 242
0.9 243
0.9 244
0.9 245
0.9 246
0.9 247
0.9 248
0.9 249
0.9 250
0.9 251
0.9 252
0.9 253
0.9 254
0.9 255
0.9 256
0.9 257
0.9 258
0.9 259
0.9 260
0.9 261
0.9 262
0.9 263
0.9 264
0.9 265
0.9 266
0.9 267
0.9 268
0.9 269
0.9 270
0.9 271
0.9 272
0.9 273
0.9 274
0.9 275
0.9 276
0.9 277
0.9 278
0.9 279
0.9 280
0.9 281
0.9 282
0.9 283
0.9 284
0.9 285
0.9 286
0.9 287
0.9 288
0.9 289
0.9 290
0.9 291
0.9 292
0.9 293
0.9 294
0.9 295
0.9 296
0.9 297
0.9 298
0.9 299
0.9 300
0.9 301
0.9 302
0.9 303
0.9 304
0.9 305
0.9 306
0.9 307
0.9 308
0.9 309
0.9 310
0.9 311
0.9 312
0.9 313
0.9 314
0.9 315
0.9 316
0.9 317
0.9 318
0.9 319
0.9 320
0.9 321
0.9 322
0.9 323
0.9 324
0.9 325
0.9 326
0.9 327
0.9 328
0.9 329
0.9 330
0.9 331
0.9 332
0.9 333
0.9 334
0.9 335
0.9 336
0.9 337
0.9 338
0.9 339
0.9 340
0.9 341
0.9 342
0.9 343
0.9 344
0.9 345
0.9 346
0.9 347
0.9 348
0.9 349
0.9 350
0.9 351
0.9 352
0.9 353
0.9 354
0.9 355
0.9 356
0.9 357
0.9 358
0.9 359
0.9 360
0.9 361
0.9 362
0.9 363
0.9 364
0.9 365
0.9 366
0.9 367
0.9 368
0.9 369
0.9 370
0.9 371
0.9 372
0.9 373
0.9 374
0.9 375
0.9 376
0.9 377
0.9 378
0.9 379
0.9 380
0.9 381
0.9 382
0.9 383
0.9 384
0.9 385
0.9 386
0.9 387
0.9 388
0.9 389
0.9 390
0.9 391
0.9 392
0.9 393
0.9 394
0.9 395
0.9 396
0.9 397
0.9 398
0.9 399
0.9 400
0.9 401
0.9 402
0.9 403
0.9 404
0.9 405
0.9 406
0.9 407
0.9 408
0.9 409
0.9 410
0.9 411
0.9 412
0.9 413
0.9 414
0.9 415
0.9 416
0.9 417
0.9 418
0.9 419
0.9 420
0.9 421
0.9 422
0.9 423
0.9 424
0.9 425
0.9 426
0.9 427
0.9 428
0.9 429
0.9 430
0.9 431
0.9 432
0.9 433
0.9 434
0.9 435
0.9 436
0.9 437
0.9 438
0.9 439
0.9 440
0.9 441
0.9 442
0.9 443
0.9 444
0.9 445
0.9 446
0.9 447
0.9 448
0.9 449
0.9 450
0.9 451
0.9 452
0.9 453
0.9 454
0.9 455
0.9 456
0.9 457
0.9 458
0.9 459
0.9 460
0.9 461
0.9 462
0.9 463
0.9 464
0.9 465
0.9 466
0.9 467
0.9 468
0.9 469
0.9 470
0.9 471
0.9 472
0.9 473
0.9 474
0.9 475
0.9 476
0.9 477
0.9 478
0.9 479
0.9 480
0.9 481
0.9 482
0.9 483
0.9 484
0.9 485
0.9 486
0.9 487
0.9 488
0.9 489
0.9 490
0.9 491
0.9 492
0.9 493
0.9 494
0.9 495
0.9 496
0.9 497
0.9 498
0.9 499
0.9 500
1.0 1
1.0 2
1.0 3
1.0 4
1.0 5
1.0 6
1.0 7
1.0 8
1.0 9
1.0 10
1.0 11
1.0 12
1.0 13
1.0 14
1.0 15
1.0 16
1.0 17
1.0 18
1.0 19
1.0 20
1.0 21
1.0 22
1.0 23
1.0 24
1.0 25
1.0 26
1.0 27
1.0 28
1.0 29
1.0 30
1.0 31
1.0 32
1.0 33
1.0 34
1.0 35
1.0 36
1.0 37
1.0 38
1.0 39
1.0 40
1.0 41
1.0 42
1.0 43
1.0 44
1.0 45
1.0 46
1.0 47
1.0 48
1.0 49
1.0 50
1.0 51
1.0 52
1.0 53
1.0 54
1.0 55
1.0 56
1.0 57
1.0 58
1.0 59
1.0 60
1.0 61
1.0 62
1.0 63
1.0 64
1.0 65
1.0 66
1.0 67
1.0 68
1.0 69
1.0 70
1.0 71
1.0 72
1.0 73
1.0 74
1.0 75
1.0 76
1.0 77
1.0 78
1.0 79
1.0 80
1.0 81
1.0 82
1.0 83
1.0 84
1.0 85
1.0 86
1.0 87
1.0 88
1.0 89
1.0 90
1.0 91
1.0 92
1.0 93
1.0 94
1.0 95
1.0 96
1.0 97
1.0 98
1.0 99
1.0 100
1.0 101
1.0 102
1.0 103
1.0 104
1.0 105
1.0 106
1.0 107
1.0 108
1.0 109
1.0 110
1.0 111
1.0 112
1.0 113
1.0 114
1.0 115
1.0 116
1.0 117
1.0 118
1.0 119
1.0 120
1.0 121
1.0 122
1.0 123
1.0 124
1.0 125
1.0 126
1.0 127
1.0 128
1.0 129
1.0 130
1.0 131
1.0 132
1.0 133
1.0 134
1.0 135
1.0 136
1.0 137
1.0 138
1.0 139
1.0 140
1.0 141
1.0 142
1.0 143
1.0 144
1.0 145
1.0 146
1.0 147
1.0 148
1.0 149
1.0 150
1.0 151
1.0 152
1.0 153
1.0 154
1.0 155
1.0 156
1.0 157
1.0 158
1.0 159
1.0 160
1.0 161
1.0 162
1.0 163
1.0 164
1.0 165
1.0 166
1.0 167
1.0 168
1.0 169
1.0 170
1.0 171
1.0 172
1.0 173
1.0 174
1.0 175
1.0 176
1.0 177
1.0 178
1.0 179
1.0 180
1.0 181
1.0 182
1.0 183
1.0 184
1.0 185
1.0 186
1.0 187
1.0 188
1.0 189
1.0 190
1.0 191
1.0 192
1.0 193
1.0 194
1.0 195
1.0 196
1.0 197
1.0 198
1.0 199
1.0 200
1.0 201
1.0 202
1.0 203
1.0 204
1.0 205
1.0 206
1.0 207
1.0 208
1.0 209
1.0 210
1.0 211
1.0 212
1.0 213
1.0 214
1.0 215
1.0 216
1.0 217
1.0 218
1.0 219
1.0 220
1.0 221
1.0 222
1.0 223
1.0 224
1.0 225
1.0 226
1.0 227
1.0 228
1.0 229
1.0 230
1.0 231
1.0 232
1.0 233
1.0 234
1.0 235
1.0 236
1.0 237
1.0 238
1.0 239
1.0 240
1.0 241
1.0 242
1.0 243
1.0 244
1.0 245
1.0 246
1.0 247
1.0 248
1.0 249
1.0 250
1.0 251
1.0 252
1.0 253
1.0 254
1.0 255
1.0 256
1.0 257
1.0 258
1.0 259
1.0 260
1.0 261
1.0 262
1.0 263
1.0 264
1.0 265
1.0 266
1.0 267
1.0 268
1.0 269
1.0 270
1.0 271
1.0 272
1.0 273
1.0 274
1.0 275
1.0 276
1.0 277
1.0 278
1.0 279
1.0 280
1.0 281
1.0 282
1.0 283
1.0 284
1.0 285
1.0 286
1.0 287
1.0 288
1.0 289
1.0 290
1.0 291
1.0 292
1.0 293
1.0 294
1.0 295
1.0 296
1.0 297
1.0 298
1.0 299
1.0 300
1.0 301
1.0 302
1.0 303
1.0 304
1.0 305
1.0 306
1.0 307
1.0 308
1.0 309
1.0 310
1.0 311
1.0 312
1.0 313
1.0 314
1.0 315
1.0 316
1.0 317
1.0 318
1.0 319
1.0 320
1.0 321
1.0 322
1.0 323
1.0 324
1.0 325
1.0 326
1.0 327
1.0 328
1.0 329
1.0 330
1.0 331
1.0 332
1.0 333
1.0 334
1.0 335
1.0 336
1.0 337
1.0 338
1.0 339
1.0 340
1.0 341
1.0 342
1.0 343
1.0 344
1.0 345
1.0 346
1.0 347
1.0 348
1.0 349
1.0 350
1.0 351
1.0 352
1.0 353
1.0 354
1.0 355
1.0 356
1.0 357
1.0 358
1.0 359
1.0 360
1.0 361
1.0 362
1.0 363
1.0 364
1.0 365
1.0 366
1.0 367
1.0 368
1.0 369
1.0 370
1.0 371
1.0 372
1.0 373
1.0 374
1.0 375
1.0 376
1.0 377
1.0 378
1.0 379
1.0 380
1.0 381
1.0 382
1.0 383
1.0 384
1.0 385
1.0 386
1.0 387
1.0 388
1.0 389
1.0 390
1.0 391
1.0 392
1.0 393
1.0 394
1.0 395
1.0 396
1.0 397
1.0 398
1.0 399
1.0 400
1.0 401
1.0 402
1.0 403
1.0 404
1.0 405
1.0 406
1.0 407
1.0 408
1.0 409
1.0 410
1.0 411
1.0 412
1.0 413
1.0 414
1.0 415
1.0 416
1.0 417
1.0 418
1.0 419
1.0 420
1.0 421
1.0 422
1.0 423
1.0 424
1.0 425
1.0 426
1.0 427
1.0 428
1.0 429
1.0 430
1.0 431
1.0 432
1.0 433
1.0 434
1.0 435
1.0 436
1.0 437
1.0 438
1.0 439
1.0 440
1.0 441
1.0 442
1.0 443
1.0 444
1.0 445
1.0 446
1.0 447
1.0 448
1.0 449
1.0 450
1.0 451
1.0 452
1.0 453
1.0 454
1.0 455
1.0 456
1.0 457
1.0 458
1.0 459
1.0 460
1.0 461
1.0 462
1.0 463
1.0 464
1.0 465
1.0 466
1.0 467
1.0 468
1.0 469
1.0 470
1.0 471
1.0 472
1.0 473
1.0 474
1.0 475
1.0 476
1.0 477
1.0 478
1.0 479
1.0 480
1.0 481
1.0 482
1.0 483
1.0 484
1.0 485
1.0 486
1.0 487
1.0 488
1.0 489
1.0 490
1.0 491
1.0 492
1.0 493
1.0 494
1.0 495
1.0 496
1.0 497
1.0 498
1.0 499
1.0 500
